0 0 90
0 1 118
0 2 483
0 3 85
0 4 282
0 5 198
0 6 209
0 7 182
0 8 141
0 9 342
0 10 148
0 11 459
0 12 129
0 13 597
0 14 439
0 15 110
0 16 125
0 17 118
0 18 295
0 19 148
0 20 145
0 21 107
0 22 229
0 23 84
0 24 148
0 25 256
0 26 125
0 27 205
0 28 286
0 29 520
0 30 666
0 31 68
0 32 268
0 33 129
0 34 297
0 35 526
0 36 301
0 37 228
0 38 590
0 39 129
0 40 218
0 41 611
0 42 200
0 43 951
0 44 584
0 45 128
0 46 233
0 47 269
0 48 299
0 49 141
0 50 375
0 51 353
0 52 159
0 53 58
0 54 603
0 55 84
0 56 323
0 57 402
0 58 446
0 59 216
0 60 211
0 61 282
0 62 1731
0 63 248
0 64 61
0 65 442
0 66 494
0 67 341
0 68 304
0 69 384
0 70 625
0 71 67
0 72 278
0 73 109
0 74 87
0 75 929
0 76 185
0 77 141
0 78 451
0 79 644
0 80 211
0 81 496
0 82 149
0 83 160
0 84 285
0 85 197
0 86 461
0 87 108
0 88 454
0 89 201
0 90 31
0 91 296
0 92 543
0 93 364
0 94 603
0 95 822
0 96 246
0 97 336
0 98 277
0 99 117
0 100 79
0 101 667
0 102 238
0 103 86
0 104 250
0 105 327
0 106 314
0 107 170
0 108 526
0 109 163
0 110 139
0 111 315
0 112 1258
0 113 357
0 114 152
0 115 651
0 116 344
0 117 299
0 118 143
0 119 173
0 120 269
0 121 222
0 122 247
0 123 295
0 124 925
0 125 242
0 126 137
0 127 295
0 128 347
0 129 75
0 130 162
0 131 182
0 132 174
0 133 184
0 134 580
0 135 508
0 136 450
0 137 81
0 138 429
0 139 250
0 140 710
0 141 632
0 142 352
0 143 45
0 144 692
0 145 296
0 146 216
0 147 474
0 148 204
0 149 98
0 150 358
0 151 440
0 152 38
0 153 162
0 154 105
0 155 425
0 156 83
0 157 312
0 158 339
0 159 426
0 160 98
0 161 396
0 162 74
0 163 338
0 164 145
0 165 189
0 166 508
0 167 643
0 168 216
0 169 194
0 170 174
0 171 300
0 172 449
0 173 683
0 174 589
0 175 593
0 176 93
0 177 223
0 178 178
0 179 542
0 180 192
0 181 327
0 182 236
0 183 77
0 184 94
0 185 291
0 186 470
0 187 206
0 188 589
0 189 177
0 190 541
0 191 465
0 192 261
0 193 590
0 194 274
0 195 168
0 196 205
0 197 564
0 198 188
0 199 622
0 200 658
0 201 106
0 202 113
0 203 125
0 204 300
0 205 384
0 206 357
0 207 240
0 208 517
0 209 308
0 210 416
0 211 620
0 212 284
0 213 271
0 214 175
0 215 245
0 216 191
0 217 231
0 218 319
0 219 86
0 220 234
0 221 543
0 222 599
0 223 533
0 224 102
0 225 124
0 226 308
0 227 97
0 228 266
0 229 188
0 230 128
0 231 1203
0 232 324
0 233 283
0 234 420
0 235 610
0 236 562
0 237 115
0 238 1422
0 239 308
0 240 412
0 241 496
0 242 246
0 243 146
0 244 226
0 245 78
0 246 116
0 247 201
0 248 76
0 249 327
0 250 282
0 251 144
0 252 240
0 253 490
0 254 312
0 255 206
2 0 179
2 1 272
2 2 229
2 3 876
2 4 359
2 5 331
2 6 29
2 7 148
2 8 302
2 9 108
2 10 341
2 11 775
2 12 118
2 13 247
2 14 169
2 15 236
2 16 324
2 17 633
2 18 158
2 19 315
2 20 1160
2 21 196
2 22 277
2 23 280
2 24 229
2 25 304
2 26 246
2 27 174
2 28 90
2 29 205
2 30 129
2 31 251
2 32 203
2 33 153
2 34 480
2 35 347
2 36 297
2 37 311
2 38 456
2 39 319
2 40 550
2 41 289
2 42 388
2 43 826
2 44 164
2 45 150
2 46 151
2 47 191
2 48 138
2 49 1029
2 50 129
2 51 120
2 52 445
2 53 559
2 54 360
2 55 170
2 56 448
2 57 341
2 58 311
2 59 353
2 60 850
2 61 283
2 62 231
2 63 362
2 64 217
2 65 258
2 66 157
2 67 92
2 68 234
2 69 178
2 70 149
2 71 546
2 72 416
2 73 142
2 74 284
2 75 366
2 76 755
2 77 254
2 78 104
2 79 705
2 80 231
2 81 155
2 82 613
2 83 540
2 84 520
2 85 408
2 86 259
2 87 331
2 88 613
2 89 252
2 90 532
2 91 195
2 92 662
2 93 356
2 94 256
2 95 362
2 96 190
2 97 193
2 98 223
2 99 136
2 100 296
2 101 215
2 102 202
2 103 482
2 104 235
2 105 137
2 106 926
2 107 269
2 108 479
2 109 832
2 110 456
2 111 354
2 112 210
2 113 290
2 114 206
2 115 271
2 116 133
2 117 216
2 118 199
2 119 163
2 120 502
2 121 730
2 122 213
2 123 391
2 124 208
2 125 205
2 126 97
2 127 249
2 128 710
2 129 219
2 130 336
2 131 218
2 132 197
2 133 303
2 134 252
2 135 232
2 136 125
2 137 149
2 138 75
2 139 601
2 140 701
2 141 150
2 142 223
2 143 288
2 144 135
2 145 594
2 146 415
2 147 231
2 148 125
2 149 568
2 150 673
2 151 98
2 152 142
2 153 698
2 154 249
2 155 137
2 156 418
2 157 631
2 158 383
2 159 225
2 160 172
2 161 125
2 162 302
2 163 247
2 164 658
2 165 499
2 166 175
2 167 588
2 168 83
2 169 295
2 170 223
2 171 122
2 172 343
2 173 346
2 174 173
2 175 431
2 176 288
2 177 160
2 178 253
2 179 495
2 180 157
2 181 82
2 182 364
2 183 149
2 184 136
2 185 122
2 186 811
2 187 522
2 188 1132
2 189 183
2 190 110
2 191 251
2 192 255
2 193 973
2 194 340
2 195 122
2 196 163
2 197 243
2 198 226
2 199 46
2 200 545
2 201 286
2 202 65
2 203 192
2 204 150
2 205 154
2 206 130
2 207 351
2 208 199
2 209 247
2 210 832
2 211 141
2 212 208
2 213 115
2 214 117
2 215 309
2 216 736
2 217 1072
2 218 341
2 219 206
2 220 140
2 221 247
2 222 210
2 223 355
2 224 184
2 225 210
2 226 298
2 227 228
2 228 331
2 229 240
2 230 197
2 231 83
2 232 167
2 233 296
2 234 333
2 235 521
2 236 259
2 237 259
2 238 318
2 239 163
2 240 194
2 241 303
2 242 244
2 243 152
2 244 136
2 245 505
2 246 209
2 247 267
2 248 128
2 249 495
2 250 122
2 251 304
2 252 486
2 253 891
2 254 190
2 255 545
3 0 118
3 1 94
3 2 344
3 3 134
3 4 194
3 5 92
3 6 1445
3 7 44
3 8 193
3 9 310
3 10 50
3 11 466
3 12 348
3 13 18
3 14 340
3 15 299
3 16 264
3 17 211
3 18 43
3 19 282
3 20 339
3 21 123
3 22 768
3 23 202
3 24 12
3 25 939
3 26 1410
3 27 225
3 28 227
3 29 315
3 30 859
3 31 342
3 32 52
3 33 123
3 34 214
3 35 240
3 36 670
3 37 1280
3 38 229
3 39 1024
3 40 154
3 41 252
3 42 258
3 43 712
3 44 41
3 45 173
3 46 541
3 47 15
3 48 254
3 49 90
3 50 122
3 51 217
3 52 63
3 53 296
3 54 220
3 55 367
3 56 609
3 57 36
3 58 481
3 59 320
3 60 109
3 61 30
3 62 13
3 63 28
3 64 56
3 65 204
3 66 25
3 67 50
3 68 136
3 69 1027
3 70 244
3 71 35
3 72 170
3 73 165
3 74 21
3 75 215
3 76 422
3 77 501
3 78 439
3 79 202
3 80 117
3 81 454
3 82 55
3 83 160
3 84 515
3 85 288
3 86 130
3 87 494
3 88 97
3 89 184
3 90 120
3 91 309
3 92 354
3 93 125
3 94 21
3 95 218
3 96 53
3 97 310
3 98 324
3 99 88
3 100 218
3 101 97
3 102 77
3 103 773
3 104 16
3 105 260
3 106 566
3 107 64
3 108 213
3 109 154
3 110 203
3 111 184
3 112 231
3 113 320
3 114 73
3 115 59
3 116 395
3 117 1838
3 118 553
3 119 1143
3 120 20
3 121 132
3 122 81
3 123 145
3 124 138
3 125 41
3 126 233
3 127 81
3 128 264
3 129 233
3 130 446
3 131 151
3 132 255
3 133 583
3 134 215
3 135 316
3 136 86
3 137 201
3 138 231
3 139 124
3 140 47
3 141 94
3 142 479
3 143 526
3 144 14
3 145 44
3 146 730
3 147 130
3 148 591
3 149 581
3 150 622
3 151 158
3 152 437
3 153 245
3 154 835
3 155 475
3 156 182
3 157 294
3 158 245
3 159 790
3 160 166
3 161 139
3 162 264
3 163 586
3 164 138
3 165 53
3 166 604
3 167 352
3 168 15
3 169 204
3 170 277
3 171 294
3 172 30
3 173 189
3 174 135
3 175 17
3 176 85
3 177 1065
3 178 271
3 179 137
3 180 62
3 181 79
3 182 56
3 183 328
3 184 106
3 185 39
3 186 154
3 187 677
3 188 447
3 189 280
3 190 449
3 191 194
3 192 226
3 193 64
3 194 382
3 195 70
3 196 1013
3 197 1018
3 198 6
3 199 1270
3 200 189
3 201 1379
3 202 791
3 203 182
3 204 141
3 205 138
3 206 35
3 207 96
3 208 109
3 209 136
3 210 408
3 211 933
3 212 148
3 213 431
3 214 443
3 215 64
3 216 303
3 217 193
3 218 235
3 219 438
3 220 14
3 221 305
3 222 189
3 223 60
3 224 297
3 225 588
3 226 961
3 227 144
3 228 434
3 229 173
3 230 1449
3 231 573
3 232 191
3 233 1473
3 234 6
3 235 825
3 236 1294
3 237 217
3 238 134
3 239 86
3 240 270
3 241 20
3 242 274
3 243 1085
3 244 389
3 245 78
3 246 219
3 247 253
3 248 75
3 249 198
3 250 77
3 251 2026
3 252 271
3 253 88
3 254 78
3 255 526
4 0 217
4 1 11
4 2 194
4 3 17
4 4 270
4 5 392
4 6 493
4 7 220
4 8 450
4 9 230
4 10 151
4 11 34
4 12 349
4 13 383
4 14 698
4 15 1206
4 16 28
4 17 140
4 18 29
4 19 173
4 20 563
4 21 82
4 22 174
4 23 142
4 24 166
4 25 30
4 26 45
4 27 62
4 28 396
4 29 43
4 30 24
4 31 22
4 32 48
4 33 7
4 34 13
4 35 31
4 36 2102
4 37 369
4 38 530
4 39 137
4 40 9
4 41 37
4 42 19
4 43 394
4 44 922
4 45 644
4 46 221
4 47 5
4 48 42
4 49 61
4 50 37
4 51 260
4 52 22
4 53 156
4 54 1280
4 55 334
4 56 108
4 57 62
4 58 507
4 59 19
4 60 161
4 61 595
4 62 558
4 64 90
4 65 495
4 66 214
4 67 1188
4 68 60
4 69 112
4 70 725
4 71 447
4 72 170
4 74 367
4 75 346
4 76 1083
4 77 34
4 78 36
4 79 385
4 80 18
4 81 821
4 82 34
4 83 40
4 84 59
4 85 34
4 86 2
4 87 520
4 88 674
4 89 447
4 90 735
4 91 291
4 92 339
4 93 57
4 94 666
4 95 522
4 96 90
4 97 215
4 98 836
4 99 51
4 100 86
4 101 76
4 102 980
4 103 123
4 104 54
4 105 417
4 106 59
4 107 4
4 108 417
4 109 28
4 110 436
4 111 32
4 112 442
4 113 5
4 114 62
4 115 49
4 116 189
4 117 33
4 118 336
4 119 304
4 120 281
4 121 652
4 122 272
4 123 601
4 124 19
4 125 17
4 126 28
4 127 236
4 128 468
4 129 802
4 130 58
4 131 374
4 132 563
4 133 421
4 134 785
4 135 51
4 136 83
4 137 145
4 138 221
4 139 315
4 140 303
4 141 33
4 142 1119
4 143 276
4 144 1187
4 145 290
4 146 359
4 147 137
4 148 675
4 149 684
4 150 265
4 151 246
4 152 2854
4 153 174
4 154 2242
4 155 272
4 156 170
4 157 154
4 158 82
4 159 211
4 160 489
4 161 361
4 162 20
4 163 260
4 164 410
4 165 437
4 166 26
4 167 669
4 168 74
4 169 24
4 170 243
4 171 312
4 172 309
4 173 111
4 174 106
4 175 1771
4 176 92
4 177 23
4 178 253
4 179 362
4 180 454
4 181 374
4 182 195
4 183 128
4 184 371
4 185 108
4 186 214
4 187 187
4 188 246
4 189 561
4 190 73
4 191 93
4 192 1100
4 193 615
4 194 14
4 195 1006
4 196 75
4 197 518
4 198 52
4 199 481
4 200 475
4 201 308
4 202 57
4 203 500
4 204 32
4 205 253
4 206 606
4 207 8
4 208 130
4 209 7
4 210 72
4 211 128
4 212 33
4 213 548
4 214 114
4 215 347
4 216 539
4 217 69
4 218 34
4 219 231
4 221 870
4 222 1048
4 223 24
4 224 252
4 225 89
4 226 2
4 227 125
4 228 509
4 229 296
4 230 259
4 231 125
4 232 68
4 233 718
4 234 271
4 235 220
4 236 710
4 237 15
4 238 10
4 239 358
4 240 732
4 241 565
4 242 428
4 243 232
4 244 278
4 245 1020
4 246 262
4 247 218
4 248 375
4 249 333
4 250 475
4 251 233
4 252 7
4 253 787
4 254 315
4 255 95
5 0 534
5 1 33
5 2 921
5 3 197
5 4 152
5 5 9
5 6 415
5 7 564
5 8 1369
5 9 283
5 10 337
5 11 525
5 12 227
5 13 146
5 14 178
5 15 229
5 16 92
5 17 69
5 18 425
5 19 491
5 20 77
5 21 273
5 22 347
5 23 540
5 24 189
5 25 185
5 26 4
5 27 622
5 28 15
5 29 214
5 30 46
5 31 328
5 32 457
5 33 52
5 34 3
5 35 84
5 36 56
5 37 18
5 38 28
5 39 7
5 40 14
5 41 365
5 42 315
5 43 1331
5 44 337
5 45 11
5 46 54
5 47 708
5 48 21
5 49 19
5 50 946
5 51 105
5 52 44
5 53 117
5 54 10
5 55 66
5 56 270
5 57 68
5 58 2237
5 59 56
5 60 758
5 61 458
5 62 148
5 63 160
5 64 550
5 65 606
5 66 78
5 67 395
5 68 157
5 69 259
5 70 1363
5 71 300
5 72 68
5 73 108
5 74 86
5 75 18
5 76 278
5 77 1088
5 78 444
5 79 316
5 80 188
5 81 547
5 82 325
5 83 219
5 84 123
5 85 504
5 86 367
5 87 222
5 88 377
5 89 207
5 90 1490
5 91 219
5 93 44
5 94 101
5 95 491
5 96 106
5 97 49
5 98 295
5 99 180
5 100 220
5 101 19
5 102 26
5 103 427
5 104 490
5 105 25
5 106 514
5 107 95
5 108 154
5 109 384
5 110 796
5 111 375
5 112 106
5 113 27
5 114 358
5 115 1269
5 116 20
5 117 105
5 118 8
5 119 23
5 120 779
5 121 52
5 122 708
5 123 185
5 124 49
5 126 25
5 127 324
5 128 346
5 129 54
5 130 115
5 131 141
5 132 284
5 133 34
5 134 97
5 135 454
5 136 1370
5 137 476
5 138 271
5 139 53
5 140 31
5 141 185
5 142 329
5 143 150
5 144 295
5 145 671
5 146 835
5 147 318
5 148 73
5 149 101
5 150 164
5 151 649
5 152 180
5 153 3252
5 154 98
5 155 267
5 156 6
5 157 55
5 158 2019
5 159 259
5 160 411
5 161 670
5 162 351
5 163 492
5 164 678
5 165 754
5 166 77
5 167 50
5 168 3
5 169 299
5 170 797
5 171 20
5 172 286
5 173 74
5 174 366
5 175 131
5 176 190
5 177 1028
5 178 257
5 179 7
5 180 46
5 181 90
5 182 143
5 183 452
5 184 86
5 185 349
5 186 831
5 187 1
5 188 1837
5 189 229
5 190 115
5 191 459
5 192 147
5 193 904
5 194 482
5 195 21
5 196 40
5 197 106
5 198 480
5 199 8
5 200 87
5 201 20
5 202 477
5 203 15
5 204 286
5 205 376
5 206 128
5 207 92
5 208 356
5 209 32
5 210 482
5 211 21
5 212 69
5 213 634
5 214 294
5 215 306
5 216 49
5 217 56
5 218 789
5 219 2
5 220 679
5 221 39
5 222 573
5 223 208
5 224 1041
5 225 45
5 226 62
5 227 115
5 228 129
5 229 163
5 230 692
5 231 195
5 232 79
5 233 29
5 234 109
5 235 1127
5 236 1020
5 237 85
5 238 27
5 239 435
5 240 15
5 241 12
5 242 65
5 243 479
5 244 35
5 245 56
5 246 65
5 247 53
5 248 154
5 249 375
5 250 646
5 251 749
5 252 192
5 253 88
5 254 287
5 255 433
6 0 107
6 1 211
6 2 261
6 3 362
6 4 43
6 5 19
6 6 22
6 7 400
6 8 153
6 9 34
6 10 31
6 11 278
6 12 999
6 13 3
6 14 1886
6 15 55
6 16 277
6 17 5
6 18 355
6 19 810
6 20 55
6 21 348
6 22 202
6 23 75
6 24 26
6 25 394
6 26 1123
6 27 67
6 28 133
6 29 12
6 30 375
6 31 211
6 32 105
6 33 176
6 34 829
6 35 1
6 36 629
6 37 158
6 38 37
6 39 748
6 40 97
6 41 69
6 42 194
6 43 892
6 44 61
6 45 5
6 46 237
6 47 5
6 48 132
6 49 715
6 50 75
6 51 718
6 52 1389
6 53 215
6 54 950
6 55 354
6 56 291
6 57 621
6 58 29
6 59 345
6 60 741
6 61 632
6 62 470
6 63 181
6 64 411
6 65 859
6 66 25
6 67 8
6 68 280
6 69 354
6 70 187
6 71 38
6 72 206
6 73 270
6 74 99
6 75 223
6 76 158
6 77 278
6 78 65
6 79 2076
6 80 25
6 81 154
6 82 715
6 83 72
6 84 515
6 85 37
6 86 15
6 87 48
6 88 42
6 89 447
6 90 387
6 91 190
6 92 618
6 93 53
6 94 4
6 95 34
6 96 528
6 97 388
6 98 410
6 99 69
6 100 424
6 101 96
6 102 2108
6 103 63
6 104 59
6 105 183
6 106 72
6 107 292
6 108 32
6 109 35
6 110 162
6 111 40
6 112 83
6 113 580
6 114 438
6 115 13
6 116 4
6 117 18
6 118 593
6 119 85
6 120 310
6 121 159
6 122 266
6 123 358
6 124 586
6 125 1263
6 126 210
6 127 94
6 128 269
6 129 271
6 130 56
6 131 215
6 132 54
6 133 384
6 134 1
6 135 522
6 136 447
6 137 357
6 138 973
6 139 119
6 140 163
6 141 72
6 142 238
6 143 960
6 144 701
6 145 290
6 146 45
6 147 272
6 148 58
6 149 284
6 150 4
6 151 110
6 152 302
6 153 985
6 154 440
6 155 25
6 156 960
6 157 1674
6 158 29
6 159 1380
6 160 349
6 161 771
6 162 19
6 163 128
6 164 141
6 165 162
6 166 357
6 167 1088
6 168 875
6 169 344
6 170 54
6 171 508
6 172 322
6 173 369
6 174 65
6 175 258
6 176 208
6 177 561
6 178 214
6 179 70
6 180 49
6 181 130
6 182 664
6 183 282
6 184 84
6 185 383
6 186 128
6 187 161
6 188 41
6 189 16
6 190 72
6 191 39
6 192 122
6 193 183
6 194 175
6 195 725
6 196 1046
6 197 51
6 198 52
6 199 271
6 200 262
6 201 38
6 202 108
6 203 118
6 204 437
6 205 96
6 206 567
6 207 169
6 208 168
6 209 581
6 210 983
6 211 257
6 212 1792
6 213 109
6 214 130
6 215 1244
6 216 13
6 217 32
6 218 187
6 219 10
6 220 26
6 221 59
6 222 71
6 223 13
6 224 1
6 225 84
6 226 346
6 227 183
6 228 77
6 229 29
6 230 568
6 231 35
6 232 62
6 233 144
6 234 70
6 235 429
6 236 37
6 237 1018
6 238 1657
6 239 155
6 240 210
6 241 437
6 242 75
6 243 297
6 244 38
6 245 599
6 246 1173
6 247 22
6 248 56
6 249 263
6 250 150
6 251 2
6 252 48
6 253 3
6 254 650
6 255 684
7 1 25
7 2 766
7 3 655
7 4 449
7 5 265
7 6 335
7 7 639
7 8 10
7 9 195
7 10 199
7 11 623
7 12 1894
7 13 135
7 14 891
7 15 92
7 16 165
7 17 10
7 18 60
7 19 232
7 20 61
7 21 51
7 22 231
7 23 1624
7 24 332
7 25 12
7 26 86
7 27 149
7 28 60
7 29 904
7 30 261
7 31 108
7 32 1029
7 33 134
7 34 28
7 35 1618
7 36 788
7 37 144
7 38 796
7 39 561
7 40 222
7 41 24
7 42 110
7 43 55
7 44 408
7 45 18
7 46 8
7 47 204
7 48 56
7 49 314
7 50 32
7 51 51
7 52 224
7 53 24
7 54 146
7 55 67
7 56 439
7 57 497
7 58 91
7 59 38
7 60 66
7 61 320
7 62 443
7 63 99
7 64 839
7 65 289
7 66 465
7 67 29
7 68 118
7 69 38
7 70 520
7 71 13
7 72 243
7 73 55
7 75 481
7 76 2088
7 77 20
7 78 1346
7 79 597
7 80 373
7 81 425
7 82 5
7 83 16
7 84 5
7 85 414
7 86 83
7 87 29
7 88 144
7 89 86
7 90 341
7 91 413
7 92 1023
7 93 47
7 94 39
7 95 43
7 96 276
7 97 2
7 98 87
7 99 31
7 100 59
7 101 224
7 102 21
7 103 50
7 104 1013
7 105 329
7 106 39
7 107 26
7 108 471
7 109 287
7 110 89
7 111 494
7 112 374
7 113 48
7 114 2
7 115 8
7 116 71
7 117 1186
7 118 135
7 119 40
7 120 689
7 121 1
7 122 34
7 123 240
7 124 4
7 125 130
7 126 57
7 127 5
7 128 75
7 129 139
7 130 19
7 131 319
7 132 1246
7 133 232
7 134 84
7 135 130
7 136 203
7 137 155
7 138 32
7 139 80
7 140 314
7 141 76
7 142 862
7 143 72
7 144 107
7 145 421
7 146 32
7 147 241
7 148 99
7 149 42
7 150 8
7 151 54
7 153 1
7 154 280
7 155 454
7 156 92
7 157 9
7 158 919
7 159 142
7 160 161
7 161 379
7 162 31
7 163 59
7 164 703
7 165 196
7 166 558
7 167 352
7 168 124
7 169 841
7 170 15
7 171 1495
7 172 198
7 173 9
7 174 2729
7 175 471
7 176 1450
7 177 61
7 178 185
7 179 69
7 180 137
7 181 755
7 182 452
7 183 340
7 184 853
7 185 4196
7 186 56
7 187 1169
7 188 73
7 189 22
7 190 75
7 191 696
7 192 87
7 193 273
7 194 108
7 195 338
7 196 116
7 197 23
7 198 39
7 199 2932
7 200 50
7 201 31
7 202 1
7 203 238
7 204 258
7 205 25
7 206 206
7 207 139
7 208 248
7 209 31
7 210 27
7 211 79
7 212 88
7 213 62
7 214 61
7 215 12
7 216 361
7 217 45
7 218 4
7 219 75
7 220 104
7 221 315
7 222 308
7 223 507
7 224 30
7 225 338
7 226 136
7 227 685
7 228 255
7 229 1653
7 230 194
7 231 163
7 232 106
7 233 283
7 234 123
7 235 174
7 236 817
7 237 240
7 238 51
7 239 37
7 240 301
7 241 111
7 242 284
7 243 355
7 244 883
7 245 913
7 246 1096
7 247 41
7 248 172
7 249 67
7 250 186
7 251 90
7 252 167
7 253 304
7 254 314
7 255 285
8 0 18
8 1 343
8 2 14
8 3 97
8 4 1001
8 5 3
8 6 63
8 7 440
8 8 13
8 9 16
8 10 46
8 11 62
8 12 66
8 13 5
8 15 145
8 16 1957
8 17 31
8 18 18
8 19 15
8 20 107
8 21 114
8 22 481
8 23 944
8 24 256
8 25 4
8 26 43
8 27 53
8 28 12
8 29 147
8 30 4
8 31 16
8 32 103
8 33 978
8 34 3
8 35 1366
8 36 176
8 37 8
8 38 265
8 39 13
8 40 177
8 41 701
8 42 193
8 43 77
8 44 18
8 45 5
8 46 71
8 47 340
8 48 428
8 49 252
8 50 376
8 52 545
8 53 2364
8 54 10
8 55 9
8 56 978
8 57 1123
8 58 98
8 59 694
8 60 21
8 61 1274
8 62 20
8 63 1123
8 64 22
8 65 417
8 66 107
8 67 26
8 68 156
8 69 73
8 70 27
8 71 1829
8 72 1626
8 73 907
8 74 165
8 75 71
8 76 370
8 77 212
8 78 21
8 79 31
8 80 358
8 81 89
8 82 45
8 83 206
8 84 35
8 85 1318
8 86 612
8 87 24
8 88 101
8 89 747
8 90 57
8 91 165
8 92 126
8 93 67
8 94 34
8 95 1937
8 96 21
8 97 8
8 98 761
8 99 726
8 100 62
8 101 4
8 102 50
8 103 136
8 104 735
8 105 165
8 106 132
8 107 1143
8 108 58
8 109 4
8 110 607
8 111 66
8 112 402
8 113 203
8 114 38
8 115 46
8 116 2017
8 117 613
8 118 111
8 119 39
8 120 394
8 121 955
8 122 209
8 123 186
8 124 73
8 125 110
8 126 143
8 127 53
8 128 14
8 129 57
8 130 25
8 131 5
8 132 164
8 133 1789
8 134 4
8 135 138
8 136 4
8 137 449
8 138 7
8 139 26
8 140 26
8 141 36
8 142 134
8 143 1180
8 144 175
8 145 1004
8 146 13
8 147 44
8 148 2130
8 149 5
8 150 142
8 151 543
8 152 278
8 153 20
8 154 5
8 155 4
8 156 111
8 157 576
8 158 58
8 159 613
8 160 25
8 161 76
8 162 173
8 163 116
8 164 2157
8 165 72
8 166 29
8 167 4
8 168 51
8 169 165
8 170 22
8 171 1663
8 172 343
8 173 975
8 174 253
8 175 135
8 176 59
8 177 9
8 178 54
8 179 819
8 180 1127
8 181 803
8 182 267
8 183 219
8 184 435
8 185 491
8 186 59
8 187 107
8 188 261
8 189 11
8 190 52
8 191 148
8 192 244
8 193 584
8 194 370
8 195 588
8 196 6
8 197 13
8 198 135
8 199 132
8 200 36
8 201 53
8 202 42
8 203 32
8 204 102
8 205 197
8 206 2067
8 207 402
8 208 22
8 209 18
8 210 163
8 211 114
8 212 363
8 213 119
8 214 59
8 215 44
8 216 306
8 217 35
8 218 64
8 219 188
8 220 1377
8 221 45
8 222 108
8 223 24
8 224 1615
8 225 116
8 226 67
8 227 30
8 228 13
8 229 48
8 230 106
8 231 28
8 232 35
8 233 961
8 234 726
8 235 44
8 236 50
8 237 821
8 238 14
8 239 2197
8 240 315
8 241 9
8 242 358
8 243 274
8 244 18
8 245 103
8 246 221
8 247 567
8 248 18
8 249 787
8 250 48
8 251 152
8 252 40
8 253 135
8 254 66
8 255 29
9 0 170
9 1 829
9 2 678
9 3 181
9 4 24
9 5 561
9 6 132
9 7 20
9 8 460
9 9 137
9 10 13
9 11 19
9 12 67
9 13 54
9 14 175
9 15 76
9 16 81
9 17 115
9 18 131
9 19 322
9 20 311
9 21 132
9 22 500
9 23 32
9 24 23
9 25 57
9 26 107
9 27 60
9 28 529
9 29 1047
9 30 288
9 31 61
9 32 989
9 33 22
9 34 36
9 35 215
9 36 64
9 37 63
9 38 187
9 39 379
9 40 85
9 41 528
9 42 55
9 43 16
9 44 835
9 45 60
9 46 7
9 47 1123
9 48 46
9 49 29
9 50 4
9 52 17
9 53 405
9 54 547
9 55 75
9 56 158
9 57 11
9 58 549
9 59 709
9 60 82
9 61 1977
9 62 23
9 63 195
9 64 28
9 65 83
9 66 8
9 67 66
9 68 1141
9 69 516
9 70 104
9 71 65
9 72 64
9 73 486
9 74 10
9 75 40
9 76 8
9 77 160
9 78 11
9 79 509
9 80 7
9 81 906
9 82 66
9 83 43
9 84 164
9 85 272
9 86 227
9 87 10
9 88 266
9 89 16
9 90 95
9 91 27
9 92 7
9 93 11
9 94 1041
9 95 158
9 96 365
9 97 3
9 98 1458
9 99 1286
9 100 469
9 101 120
9 102 65
9 103 244
9 104 204
9 105 35
9 106 108
9 107 82
9 108 102
9 109 92
9 110 7
9 111 53
9 112 27
9 113 925
9 114 210
9 115 152
9 116 1078
9 117 33
9 118 39
9 119 173
9 120 881
9 121 151
9 122 116
9 123 34
9 124 12
9 125 282
9 126 1514
9 127 104
9 128 103
9 129 17
9 130 400
9 131 232
9 132 856
9 133 15
9 134 1105
9 135 68
9 136 39
9 137 874
9 138 19
9 139 31
9 140 1251
9 141 56
9 142 43
9 143 125
9 144 51
9 145 34
9 146 38
9 147 3
9 148 226
9 149 22
9 150 25
9 151 406
9 152 92
9 153 66
9 154 117
9 155 97
9 156 786
9 157 49
9 158 60
9 159 17
9 160 198
9 161 2067
9 162 32
9 163 7
9 164 723
9 165 862
9 166 654
9 167 4
9 168 209
9 169 391
9 170 130
9 171 522
9 172 2225
9 173 88
9 174 77
9 176 46
9 177 42
9 178 405
9 179 393
9 180 831
9 181 8
9 182 58
9 183 1337
9 184 38
9 185 65
9 186 1935
9 187 255
9 188 2147
9 189 458
9 190 1
9 191 1120
9 192 26
9 193 129
9 194 46
9 195 97
9 196 18
9 197 2895
9 198 987
9 199 321
9 200 442
9 201 215
9 202 125
9 203 994
9 204 94
9 205 48
9 206 327
9 207 3877
9 208 132
9 209 23
9 210 76
9 211 372
9 212 195
9 213 28
9 214 315
9 215 466
9 216 2
9 217 325
9 218 76
9 219 38
9 220 15
9 221 307
9 222 106
9 223 34
9 224 453
9 225 769
9 226 87
9 227 298
9 228 514
9 229 1245
9 230 54
9 231 77
9 232 38
9 233 813
9 234 31
9 235 24
9 236 35
9 237 53
9 238 3
9 239 417
9 240 370
9 241 321
9 242 19
9 243 542
9 244 43
9 245 145
9 246 42
9 247 76
9 248 110
9 249 41
9 250 150
9 251 702
9 252 36
9 253 130
9 254 778
9 255 1476
10 0 83
10 1 557
10 2 18
10 3 42
10 4 71
10 5 344
10 6 67
10 7 199
10 8 626
10 9 961
10 10 404
10 11 227
10 12 661
10 13 110
10 14 26
10 15 5
10 16 24
10 17 573
10 18 20
10 19 782
10 20 401
10 21 326
10 22 178
10 23 218
10 24 438
10 25 95
10 26 1692
10 27 237
10 28 51
10 29 209
10 31 316
10 32 217
10 33 32
10 34 805
10 35 28
10 36 477
10 37 95
10 38 124
10 39 159
10 40 123
10 41 40
10 42 26
10 43 191
10 44 81
10 45 158
10 46 417
10 47 60
10 48 29
10 49 108
10 50 107
10 51 139
10 52 102
10 53 133
10 54 303
10 55 4
10 56 180
10 57 103
10 58 4
10 59 606
10 60 29
10 61 460
10 62 261
10 63 875
10 64 87
10 65 776
10 66 174
10 67 8
10 68 354
10 69 24
10 70 846
10 71 119
10 72 232
10 73 112
10 74 122
10 75 27
10 76 352
10 77 468
10 78 171
10 79 97
10 80 139
10 81 662
10 82 253
10 83 90
10 84 89
10 85 32
10 86 170
10 87 151
10 88 901
10 89 40
10 90 136
10 91 382
10 92 202
10 93 324
10 94 7
10 95 117
10 96 170
10 97 34
10 98 111
10 99 103
10 100 286
10 101 72
10 102 162
10 103 24
10 104 133
10 105 51
10 106 4
10 107 11
10 108 616
10 109 483
10 110 42
10 111 150
10 113 221
10 114 363
10 115 892
10 116 1894
10 117 641
10 118 155
10 119 261
10 120 144
10 121 249
10 122 1618
10 123 78
10 124 90
10 125 694
10 126 459
10 127 69
10 128 66
10 129 164
10 130 794
10 131 222
10 132 3035
10 133 285
10 134 758
10 135 135
10 136 42
10 137 750
10 138 50
10 139 79
10 140 29
10 141 97
10 142 101
10 143 15
10 144 125
10 145 52
10 146 1337
10 147 335
10 148 355
10 149 376
10 150 31
10 151 113
10 152 79
10 153 5
10 154 238
10 155 26
10 156 1364
10 157 1579
10 158 51
10 159 154
10 160 35
10 161 389
10 162 280
10 163 421
10 164 56
10 165 1023
10 166 223
10 167 226
10 168 18
10 169 860
10 170 53
10 171 568
10 172 481
10 173 180
10 174 17
10 175 142
10 176 693
10 177 250
10 178 437
10 179 30
10 180 72
10 181 17
10 182 130
10 183 260
10 184 396
10 185 688
10 186 68
10 187 412
10 189 91
10 190 874
10 191 266
10 192 113
10 193 302
10 194 155
10 195 141
10 196 1921
10 197 73
10 198 1138
10 199 266
10 200 8
10 201 29
10 202 173
10 203 18
10 204 2
10 205 1138
10 206 82
10 207 969
10 208 151
10 210 56
10 211 659
10 212 289
10 213 179
10 214 118
10 215 475
10 216 638
10 217 1032
10 218 554
10 219 322
10 220 326
10 221 44
10 222 316
10 223 137
10 224 47
10 225 291
10 226 469
10 227 144
10 228 275
10 229 346
10 230 23
10 231 221
10 232 768
10 233 1037
10 234 1529
10 235 138
10 236 27
10 237 8
10 238 282
10 239 11
10 240 629
10 241 30
10 242 923
10 243 553
10 244 146
10 245 263
10 246 48
10 247 1019
10 248 1482
10 249 64
10 250 1073
10 251 378
10 252 71
10 253 503
10 254 1
10 255 114
11 0 96
11 1 4
11 2 269
11 3 1108
11 4 78
11 5 181
11 7 146
11 8 48
11 9 133
11 10 883
11 11 166
11 12 599
11 13 137
11 14 389
11 15 513
11 16 17
11 17 413
11 18 385
11 19 400
11 20 793
11 22 31
11 23 141
11 24 109
11 25 190
11 26 35
11 27 447
11 28 350
11 29 237
11 30 21
11 31 81
11 32 456
11 33 505
11 34 28
11 35 49
11 36 953
11 37 837
11 38 103
11 39 722
11 40 151
11 41 448
11 42 1633
11 43 60
11 44 1894
11 45 92
11 46 87
11 47 726
11 48 131
11 49 303
11 50 176
11 51 384
11 52 102
11 53 4
11 54 702
11 55 19
11 56 223
11 57 221
11 58 181
11 59 1036
11 60 1765
11 61 127
11 62 72
11 63 1079
11 64 367
11 65 4
11 66 241
11 67 1
11 68 9
11 69 125
11 70 335
11 71 467
11 72 207
11 73 179
11 74 251
11 75 65
11 76 78
11 77 128
11 78 342
11 79 266
11 80 72
11 81 149
11 82 176
11 83 189
11 84 43
11 85 902
11 86 410
11 87 189
11 88 232
11 89 230
11 90 110
11 91 32
11 92 88
11 93 344
11 94 1
11 95 120
11 96 179
11 97 1073
11 98 1411
11 99 475
11 100 13
11 101 321
11 102 82
11 103 181
11 104 28
11 105 113
11 106 377
11 107 1366
11 108 552
11 109 209
11 110 8
11 111 2984
11 112 318
11 113 2
11 114 449
11 115 2
11 116 465
11 117 307
11 118 95
11 119 7
11 120 48
11 121 487
11 122 117
11 123 63
11 124 200
11 125 10
11 126 9
11 127 41
11 128 829
11 129 8
11 130 582
11 131 21
11 132 152
11 133 887
11 134 434
11 135 377
11 136 716
11 137 540
11 138 47
11 139 267
11 140 456
11 141 1851
11 142 410
11 143 421
11 144 216
11 145 755
11 146 133
11 147 135
11 148 60
11 149 140
11 150 327
11 151 368
11 152 50
11 153 603
11 154 169
11 155 69
11 156 167
11 157 311
11 158 396
11 159 350
11 160 1101
11 161 630
11 162 367
11 163 78
11 164 494
11 165 25
11 166 63
11 167 280
11 168 111
11 169 50
11 170 1219
11 171 88
11 172 44
11 173 41
11 174 1042
11 175 27
11 176 51
11 177 41
11 178 172
11 179 7
11 180 79
11 181 941
11 182 3
11 183 175
11 184 30
11 185 280
11 186 298
11 187 177
11 188 163
11 189 773
11 190 17
11 191 432
11 192 233
11 193 116
11 194 771
11 195 384
11 196 218
11 197 74
11 198 67
11 199 78
11 200 47
11 201 403
11 202 599
11 203 189
11 204 614
11 205 89
11 206 545
11 207 277
11 208 52
11 209 706
11 210 296
11 211 83
11 212 10
11 213 262
11 214 137
11 215 300
11 216 391
11 217 119
11 218 753
11 219 13
11 220 695
11 221 116
11 222 454
11 223 1136
11 224 313
11 225 275
11 226 61
11 227 1
11 228 50
11 229 106
11 230 390
11 231 379
11 232 6
11 233 659
11 234 16
11 235 18
11 236 343
11 237 488
11 238 306
11 239 912
11 240 1
11 241 387
11 242 84
11 243 121
11 244 54
11 245 17
11 246 17
11 247 561
11 248 596
11 249 286
11 250 89
11 251 102
11 252 21
11 253 282
11 254 97
11 255 792
12 0 269
12 1 124
12 2 1197
12 3 1989
12 4 234
12 5 135
12 6 75
12 7 123
12 8 80
12 9 441
12 10 826
12 11 311
12 12 240
12 13 517
12 14 697
12 15 518
12 16 583
12 17 284
12 18 80
12 19 23
12 20 48
12 21 789
12 22 37
12 23 372
12 24 90
12 25 10
12 26 909
12 27 30
12 28 24
12 29 8
12 30 161
12 31 217
12 32 359
12 33 50
12 34 232
12 35 155
12 36 21
12 37 51
12 38 443
12 39 2339
12 40 50
12 41 43
12 42 165
12 43 504
12 44 430
12 45 9
12 46 119
12 47 247
12 48 197
12 49 44
12 50 1975
12 51 92
12 52 44
12 53 309
12 54 208
12 55 501
12 56 912
12 57 19
12 58 124
12 59 621
12 60 963
12 61 10
12 62 411
12 63 932
12 64 16
12 65 176
12 66 28
12 67 415
12 68 21
12 69 48
12 70 75
12 71 109
12 72 27
12 73 65
12 74 1068
12 75 44
12 76 153
12 77 41
12 78 39
12 79 36
12 80 302
12 81 86
12 82 8
12 83 85
12 84 200
12 85 333
12 87 121
12 88 215
12 89 330
12 90 12
12 91 180
12 92 195
12 93 1129
12 94 62
12 95 7
12 96 336
12 97 60
12 98 80
12 99 368
12 100 111
12 101 84
12 102 234
12 103 106
12 104 360
12 105 73
12 106 315
12 107 47
12 108 32
12 109 159
12 110 101
12 111 313
12 112 76
12 113 73
12 114 60
12 115 837
12 116 3243
12 117 216
12 118 6
12 119 484
12 120 100
12 121 20
12 122 29
12 123 4
12 124 66
12 125 44
12 126 116
12 127 15
12 128 1157
12 129 2
12 130 10
12 131 97
12 132 29
12 133 66
12 134 1034
12 135 38
12 136 44
12 137 831
12 138 295
12 139 240
12 140 43
12 141 2
12 142 42
12 143 1751
12 144 542
12 145 953
12 146 142
12 147 238
12 148 137
12 149 342
12 150 67
12 151 181
12 152 78
12 153 61
12 154 913
12 155 219
12 156 6
12 157 1145
12 158 180
12 159 103
12 160 1397
12 161 844
12 162 6
12 163 1192
12 164 191
12 165 385
12 166 708
12 167 87
12 168 240
12 169 137
12 170 110
12 171 49
12 173 36
12 174 62
12 175 290
12 176 2057
12 177 100
12 178 542
12 179 33
12 180 102
12 181 41
12 182 2
12 183 1
12 184 105
12 185 285
12 186 622
12 187 64
12 188 143
12 189 1657
12 190 84
12 191 614
12 192 91
12 193 1796
12 194 353
12 195 105
12 196 685
12 197 17
12 198 260
12 199 802
12 200 23
12 201 289
12 202 97
12 203 541
12 204 19
12 205 92
12 206 411
12 207 268
12 208 1531
12 209 239
12 210 678
12 211 317
12 212 628
12 213 199
12 214 96
12 215 24
12 216 59
12 217 457
12 218 53
12 219 331
12 220 1168
12 221 284
12 222 646
12 223 326
12 224 126
12 225 74
12 226 302
12 227 11
12 228 54
12 229 74
12 230 37
12 231 15
12 232 217
12 233 22
12 234 1
12 235 6
12 237 366
12 238 90
12 239 347
12 240 252
12 241 23
12 242 540
12 243 37
12 244 2060
12 245 10
12 246 4
12 247 63
12 248 117
12 249 269
12 250 1400
12 251 343
12 252 50
12 253 335
12 254 467
12 255 31
13 0 1394
13 1 275
13 2 378
13 3 627
13 4 73
13 5 263
13 6 1360
13 7 73
13 8 24
13 9 26
13 10 18
13 11 124
13 12 11
13 13 954
13 14 638
13 15 679
13 16 41
13 18 165
13 19 862
13 20 656
13 21 341
13 22 194
13 23 78
13 24 32
13 25 71
13 26 148
13 27 10
13 28 514
13 29 1370
13 30 1
13 31 38
13 32 630
13 33 1224
13 34 343
13 35 139
13 36 86
13 37 583
13 38 428
13 39 2
13 40 919
13 41 10
13 42 428
13 43 938
13 44 1210
13 45 2451
13 46 47
13 47 548
13 48 7
13 49 65
13 50 80
13 51 88
13 52 84
13 53 2
13 55 37
13 56 18
13 57 27
13 58 325
13 59 1
13 60 39
13 61 543
13 62 11
13 63 30
13 64 97
13 65 64
13 66 1313
13 67 84
13 68 10
13 69 2
13 70 144
13 71 41
13 72 299
13 73 52
13 74 580
13 75 4
13 76 323
13 77 17
13 78 341
13 79 28
13 80 145
13 81 94
13 82 42
13 83 1341
13 84 204
13 85 38
13 86 6
13 87 63
13 89 397
13 90 58
13 91 64
13 92 442
13 93 2251
13 94 69
13 95 190
13 96 4
13 97 305
13 98 1795
13 99 267
13 100 288
13 101 217
13 102 17
13 103 296
13 104 344
13 105 102
13 106 16
13 107 172
13 108 24
13 109 458
13 110 180
13 111 550
13 112 1035
13 113 1116
13 114 54
13 115 131
13 116 352
13 117 48
13 118 333
13 119 117
13 120 648
13 121 115
13 122 6
13 123 65
13 124 61
13 125 102
13 126 509
13 127 320
13 128 24
13 129 118
13 130 288
13 131 172
13 132 105
13 133 6
13 134 1049
13 135 58
13 136 40
13 137 536
13 138 715
13 139 46
13 140 314
13 141 112
13 142 942
13 143 62
13 144 83
13 145 1650
13 146 100
13 147 854
13 148 428
13 149 554
13 150 10
13 151 567
13 152 63
13 153 69
13 154 2595
13 155 110
13 156 139
13 157 159
13 158 1046
13 159 445
13 160 172
13 161 14
13 162 452
13 163 13
13 164 223
13 165 2281
13 166 1314
13 167 60
13 168 361
13 169 57
13 170 288
13 171 376
13 172 30
13 173 6
13 174 612
13 175 74
13 176 244
13 177 43
13 178 553
13 179 115
13 180 499
13 181 31
13 182 734
13 183 2046
13 184 19
13 185 1256
13 187 8
13 188 49
13 189 140
13 190 48
13 191 25
13 192 180
13 193 22
13 194 568
13 195 190
13 197 4
13 198 5
13 199 563
13 200 405
13 201 56
13 202 435
13 203 68
13 204 114
13 205 47
13 206 91
13 207 73
13 208 567
13 209 42
13 210 128
13 211 491
13 212 683
13 213 41
13 214 19
13 215 153
13 216 110
13 217 51
13 218 11
13 219 1981
13 220 89
13 221 30
13 222 667
13 223 12
13 224 173
13 225 4
13 226 13
13 227 33
13 228 220
13 229 97
13 230 110
13 231 32
13 232 103
13 233 58
13 234 113
13 235 54
13 236 79
13 237 5
13 238 138
13 239 44
13 240 75
13 241 47
13 242 43
13 243 392
13 244 43
13 245 39
13 246 75
13 247 25
13 248 593
13 249 21
13 250 318
13 251 336
13 252 2849
13 253 56
13 254 208
13 255 91
14 0 241
14 1 63
14 2 13
14 3 40
14 4 34
14 5 134
14 6 177
14 7 6
14 8 91
14 9 44
14 10 72
14 11 74
14 12 120
14 14 189
14 15 3
14 16 41
14 17 782
14 18 1044
14 19 81
14 20 507
14 21 1451
14 22 312
14 24 72
14 25 2
14 26 143
14 27 21
14 28 532
14 29 134
14 30 36
14 31 108
14 32 551
14 33 31
14 34 88
14 35 239
14 36 18
14 37 27
14 38 401
14 39 63
14 40 137
14 41 200
14 42 10
14 43 71
14 44 3554
14 45 16
14 46 67
14 47 750
14 48 305
14 49 76
14 50 722
14 51 1433
14 52 2299
14 53 217
14 54 1102
14 55 210
14 56 128
14 57 165
14 58 503
14 59 84
14 60 102
14 61 274
14 62 24
14 63 76
14 64 1015
14 65 181
14 66 127
14 67 585
14 68 85
14 69 1
14 70 65
14 71 265
14 72 221
14 73 1927
14 74 15
14 75 104
14 76 81
14 77 223
14 78 54
14 79 3
14 80 6
14 81 72
14 82 71
14 83 225
14 84 182
14 85 66
14 86 1357
14 87 303
14 88 440
14 90 270
14 91 27
14 92 114
14 93 1222
14 94 222
14 95 55
14 96 2142
14 97 122
14 98 5
14 99 32
14 100 21
14 101 480
14 102 125
14 103 414
14 104 69
14 105 846
14 106 1429
14 107 121
14 109 50
14 110 98
14 111 7
14 112 75
14 113 231
14 114 79
14 115 491
14 116 230
14 117 1196
14 118 10
14 119 11
14 120 13
14 121 29
14 122 17
14 123 79
14 124 848
14 125 1485
14 126 30
14 127 17
14 128 29
14 130 37
14 131 761
14 132 2026
14 133 41
14 134 172
14 135 69
14 136 174
14 137 1135
14 138 926
14 139 100
14 140 206
14 141 17
14 142 17
14 143 270
14 144 106
14 145 83
14 146 567
14 147 1236
14 148 252
14 149 45
14 150 57
14 151 62
14 152 7
14 153 161
14 154 70
14 155 46
14 156 99
14 157 102
14 158 419
14 159 525
14 160 235
14 161 141
14 162 34
14 163 500
14 164 515
14 165 880
14 166 167
14 167 2596
14 168 5
14 169 105
14 170 9
14 171 593
14 172 140
14 173 385
14 174 8
14 175 53
14 176 44
14 177 101
14 178 8
14 179 1078
14 180 362
14 181 32
14 182 157
14 183 73
14 184 144
14 185 29
14 186 7
14 187 308
14 188 12
14 189 1327
14 190 96
14 191 129
14 192 14
14 193 39
14 194 2711
14 195 4
14 196 141
14 197 24
14 198 1561
14 199 77
14 200 103
14 201 208
14 202 2197
14 203 74
14 204 1695
14 205 128
14 206 10
14 207 66
14 208 5
14 209 77
14 210 2
14 211 101
14 212 707
14 213 402
14 214 1070
14 215 48
14 216 139
14 217 61
14 218 95
14 219 91
14 220 84
14 221 3
14 222 341
14 223 70
14 224 175
14 225 597
14 226 39
14 227 35
14 228 23
14 229 384
14 230 161
14 231 744
14 232 24
14 233 6
14 234 28
14 235 149
14 236 85
14 237 22
14 238 173
14 239 68
14 240 91
14 241 246
14 242 108
14 243 6
14 244 101
14 245 106
14 246 43
14 247 54
14 248 863
14 249 86
14 250 53
14 251 6
14 252 2372
14 253 1344
14 254 56
14 255 34
15 0 659
15 1 908
15 2 249
15 3 1966
15 4 1023
15 5 37
15 6 468
15 7 5
15 8 4
15 9 1
15 10 5
15 11 344
15 12 1638
15 13 119
15 14 1053
15 15 16
15 16 233
15 17 50
15 18 125
15 19 53
15 20 47
15 21 458
15 22 3
15 23 171
15 24 49
15 25 12
15 26 142
15 27 86
15 28 663
15 29 142
15 30 279
15 31 29
15 32 7
15 33 449
15 34 157
15 35 78
15 36 628
15 37 355
15 38 33
15 39 185
15 40 4
15 41 57
15 42 208
15 43 95
15 44 62
15 45 218
15 46 406
15 47 13
15 48 57
15 49 165
15 50 726
15 51 110
15 52 70
15 53 128
15 54 924
15 55 179
15 56 106
15 57 246
15 58 812
15 59 107
15 60 335
15 61 1
15 62 153
15 63 8
15 64 196
15 65 357
15 66 47
15 67 16
15 68 13
15 69 88
15 70 285
15 71 806
15 72 18
15 73 44
15 74 944
15 75 18
15 76 342
15 77 115
15 78 246
15 79 478
15 80 605
15 81 796
15 82 72
15 83 93
15 84 5
15 85 202
15 86 271
15 87 481
15 88 417
15 89 14
15 90 586
15 91 63
15 92 485
15 93 129
15 94 203
15 95 235
15 96 343
15 97 214
15 98 599
15 99 268
15 100 527
15 101 190
15 102 71
15 103 242
15 104 140
15 105 3
15 106 116
15 107 24
15 108 143
15 109 169
15 110 1086
15 111 194
15 112 66
15 113 6
15 114 1626
15 115 14
15 116 534
15 117 128
15 118 7
15 119 56
15 120 542
15 121 294
15 122 452
15 123 236
15 124 17
15 125 61
15 126 79
15 127 292
15 128 48
15 129 156
15 130 129
15 131 90
15 132 120
15 133 796
15 134 875
15 135 13
15 136 52
15 137 79
15 138 235
15 139 671
15 140 36
15 141 263
15 142 339
15 143 1
15 144 148
15 145 805
15 146 580
15 147 2315
15 148 1794
15 149 566
15 150 150
15 151 833
15 152 3
15 153 138
15 154 11
15 155 1026
15 156 103
15 157 72
15 158 85
15 159 148
15 160 48
15 161 36
15 162 2101
15 163 113
15 164 2
15 165 1354
15 166 1218
15 167 2
15 168 183
15 169 3308
15 170 715
15 171 719
15 172 653
15 173 127
15 174 249
15 175 266
15 177 637
15 178 240
15 179 56
15 180 71
15 181 1145
15 182 84
15 183 139
15 184 100
15 185 211
15 186 205
15 187 82
15 188 46
15 189 516
15 190 190
15 191 289
15 192 27
15 193 48
15 194 7
15 195 1020
15 196 85
15 197 208
15 198 26
15 199 29
15 200 726
15 202 20
15 203 211
15 204 243
15 206 2247
15 207 9
15 208 119
15 209 19
15 210 62
15 211 11
15 212 28
15 213 585
15 215 1055
15 216 108
15 217 118
15 218 30
15 219 8
15 220 199
15 221 249
15 222 88
15 223 42
15 224 37
15 225 175
15 226 24
15 227 808
15 228 345
15 229 245
15 230 46
15 231 21
15 232 70
15 233 1087
15 234 11
15 235 684
15 236 25
15 237 71
15 238 1916
15 239 4
15 240 224
15 241 324
15 242 1147
15 243 683
15 244 236
15 245 63
15 246 9
15 247 78
15 248 574
15 249 869
15 250 574
15 251 14
15 252 13
15 253 6
15 254 258
15 255 35
16 0 571
16 1 229
16 2 95
16 3 25
16 4 603
16 5 950
16 6 24
16 7 27
16 8 1
16 9 185
16 10 152
16 11 17
16 12 101
16 13 331
16 14 206
16 15 88
16 16 44
16 18 38
16 19 3
16 20 266
16 21 10
16 22 58
16 23 61
16 24 746
16 25 202
16 26 1369
16 27 3
16 28 631
16 29 161
16 30 3
16 31 772
16 32 1643
16 33 369
16 34 158
16 35 180
16 36 149
16 37 293
16 38 64
16 39 187
16 40 155
16 41 59
16 42 39
16 43 686
16 44 3
16 45 455
16 46 396
16 47 1281
16 48 6
16 49 103
16 50 67
16 51 2354
16 53 682
16 54 439
16 55 108
16 56 688
16 57 107
16 58 60
16 59 846
16 60 342
16 61 161
16 62 172
16 63 173
16 64 93
16 65 159
16 66 81
16 67 325
16 68 38
16 69 71
16 70 27
16 71 419
16 72 3064
16 73 260
16 74 976
16 75 246
16 76 14
16 77 1
16 78 201
16 79 24
16 80 557
16 81 275
16 82 1218
16 83 3
16 84 141
16 85 332
16 87 16
16 88 248
16 89 79
16 91 107
16 92 152
16 93 145
16 94 4
16 95 566
16 96 622
16 97 5
16 98 20
16 99 233
16 100 286
16 101 67
16 102 692
16 103 72
16 104 387
16 105 19
16 106 85
16 107 66
16 108 21
16 109 3
16 110 83
16 111 96
16 112 442
16 113 76
16 114 158
16 115 177
16 116 451
16 117 2285
16 118 7
16 119 318
16 120 134
16 121 26
16 122 297
16 124 218
16 125 4
16 126 209
16 127 17
16 128 10
16 129 67
16 130 391
16 131 75
16 132 9
16 133 540
16 134 956
16 135 1
16 136 408
16 137 414
16 138 662
16 139 11
16 140 18
16 141 61
16 142 94
16 143 18
16 144 252
16 145 307
16 146 16
16 147 354
16 148 12
16 149 355
16 150 306
16 151 665
16 152 923
16 153 432
16 154 196
16 155 200
16 156 1204
16 157 11
16 158 275
16 159 94
16 160 439
16 161 165
16 162 151
16 163 240
16 164 192
16 165 60
16 166 197
16 167 45
16 168 353
16 169 1953
16 170 2897
16 171 1689
16 172 796
16 173 444
16 174 696
16 175 90
16 176 263
16 177 86
16 178 363
16 179 280
16 180 92
16 181 852
16 182 79
16 183 1353
16 184 3
16 185 399
16 186 566
16 187 145
16 188 149
16 189 215
16 190 635
16 191 1020
16 192 41
16 193 633
16 194 38
16 195 1513
16 196 737
16 197 156
16 198 75
16 199 6
16 200 26
16 201 165
16 202 441
16 203 342
16 204 111
16 205 761
16 207 3
16 208 52
16 209 371
16 210 63
16 211 66
16 212 871
16 213 31
16 214 38
16 215 46
16 216 45
16 217 150
16 218 41
16 219 367
16 220 110
16 221 102
16 222 7
16 223 52
16 224 135
16 225 40
16 226 8
16 227 103
16 228 694
16 229 413
16 230 615
16 231 1054
16 232 210
16 233 101
16 234 1441
16 235 538
16 236 9
16 237 377
16 238 173
16 239 106
16 240 25
16 241 37
16 242 3
16 243 244
16 244 85
16 245 353
16 246 82
16 247 219
16 248 129
16 249 2
16 250 361
16 251 10
16 252 1995
16 253 154
16 254 258
16 255 123
17 0 491
17 1 1980
17 2 572
17 3 8
17 4 324
17 5 1142
17 6 7
17 8 2216
17 9 258
17 10 67
17 11 32
17 12 104
17 13 297
17 14 145
17 15 1281
17 16 444
17 17 354
17 18 114
17 19 778
17 20 1337
17 21 684
17 22 123
17 23 12
17 24 19
17 25 125
17 26 164
17 27 34
17 28 457
17 29 2
17 30 44
17 32 19
17 33 118
17 34 79
17 35 770
17 36 56
17 37 121
17 38 1013
17 39 122
17 40 4
17 41 77
17 42 172
17 43 35
17 44 472
17 45 33
17 46 147
17 47 674
17 48 7
17 49 372
17 50 12
17 51 541
17 52 4
17 53 88
17 54 440
17 56 4
17 57 830
17 58 546
17 59 41
17 60 2333
17 61 742
17 62 684
17 63 48
17 64 970
17 65 103
17 66 108
17 67 68
17 68 28
17 69 1542
17 70 4
17 71 84
17 72 257
17 73 89
17 74 64
17 75 30
17 76 678
17 77 12
17 78 995
17 79 57
17 82 3
17 83 41
17 84 38
17 85 7
17 86 328
17 87 994
17 88 414
17 89 3885
17 90 98
17 91 59
17 92 13
17 93 87
17 94 620
17 95 128
17 96 166
17 97 11
17 98 852
17 99 89
17 100 453
17 101 402
17 102 596
17 103 160
17 104 307
17 105 1
17 106 42
17 107 44
17 108 528
17 109 229
17 110 1070
17 111 17
17 112 52
17 113 32
17 114 231
17 115 1160
17 116 14
17 117 1882
17 118 28
17 119 403
17 120 64
17 121 204
17 122 165
17 123 41
17 124 132
17 125 225
17 126 178
17 127 67
17 128 41
17 129 72
17 130 22
17 131 20
17 132 279
17 133 54
17 134 12
17 135 662
17 136 27
17 137 55
17 138 91
17 139 337
17 140 1835
17 141 110
17 142 679
17 143 17
17 144 409
17 145 187
17 146 19
17 147 25
17 148 45
17 149 516
17 150 82
17 151 224
17 152 527
17 153 231
17 154 30
17 155 250
17 156 251
17 157 91
17 158 1315
17 159 10
17 160 139
17 161 104
17 162 165
17 163 22
17 164 477
17 165 17
17 166 1227
17 167 156
17 168 63
17 169 610
17 170 319
17 171 136
17 172 803
17 173 138
17 174 23
17 175 41
17 176 170
17 177 55
17 178 1
17 179 15
17 180 34
17 181 3
17 182 15
17 183 63
17 184 74
17 185 514
17 186 75
17 187 354
17 188 69
17 189 200
17 190 300
17 191 23
17 192 199
17 193 95
17 194 59
17 195 31
17 196 355
17 197 258
17 198 848
17 199 189
17 200 324
17 201 181
17 202 116
17 204 897
17 206 108
17 207 23
17 208 380
17 209 711
17 210 423
17 211 326
17 212 39
17 213 209
17 214 410
17 215 183
17 216 408
17 217 408
17 218 523
17 219 783
17 220 517
17 221 19
17 222 1810
17 223 657
17 224 6
17 225 300
17 226 669
17 227 33
17 228 163
17 229 694
17 230 472
17 231 13
17 232 23
17 233 437
17 234 47
17 235 378
17 236 722
17 237 81
17 238 504
17 239 63
17 240 9
17 241 723
17 242 850
17 243 166
17 244 356
17 245 23
17 246 4
17 247 29
17 248 544
17 249 161
17 250 993
17 251 47
17 252 574
17 253 28
17 254 21
17 255 196
18 0 444
18 1 30
18 2 151
18 3 105
18 4 4
18 5 33
18 6 358
18 7 1
18 8 124
18 9 19
18 10 95
18 11 193
18 13 1353
18 14 16
18 15 276
18 16 1395
18 17 243
18 18 67
18 19 80
18 20 31
18 21 6
18 22 529
18 23 25
18 24 25
18 25 10
18 26 32
18 27 15
18 28 3
18 29 129
18 30 510
18 31 20
18 32 268
18 33 64
18 34 91
18 35 273
18 36 5
18 37 84
18 38 148
18 39 46
18 40 100
18 41 27
18 42 62
18 43 889
18 44 119
18 45 265
18 46 2
18 47 54
18 48 64
18 49 9
18 50 599
18 51 106
18 52 85
18 53 632
18 54 231
18 55 118
18 56 18
18 57 867
18 58 397
18 59 13
18 60 416
18 61 22
18 62 69
18 63 230
18 64 428
18 65 13
18 66 665
18 67 415
18 68 321
18 69 592
18 70 21
18 71 500
18 72 602
18 73 801
18 74 70
18 75 140
18 76 5
18 77 1698
18 78 10
18 79 87
18 80 84
18 81 114
18 82 25
18 83 265
18 84 102
18 85 68
18 86 26
18 87 1
18 88 63
18 89 91
18 90 185
18 91 4272
18 92 260
18 93 652
18 94 365
18 95 45
18 96 122
18 97 385
18 98 6
18 99 241
18 100 174
18 101 84
18 102 315
18 103 79
18 104 28
18 105 237
18 106 175
18 107 27
18 108 550
18 109 11
18 110 50
18 111 363
18 112 342
18 113 123
18 114 119
18 115 299
18 116 808
18 117 498
18 118 204
18 119 498
18 120 13
18 121 308
18 122 414
18 123 614
18 124 453
18 125 57
18 126 698
18 127 293
18 128 1002
18 129 205
18 130 989
18 131 83
18 132 18
18 133 48
18 134 686
18 135 364
18 136 10
18 137 178
18 138 842
18 139 2197
18 140 175
18 141 725
18 142 66
18 143 257
18 144 597
18 145 16
18 146 755
18 147 2
18 148 583
18 149 78
18 150 21
18 151 649
18 152 669
18 153 46
18 154 17
18 155 728
18 156 99
18 157 28
18 158 73
18 159 363
18 160 211
18 161 228
18 162 229
18 163 325
18 164 20
18 165 20
18 166 150
18 167 21
18 168 3
18 169 4
18 170 846
18 171 991
18 172 53
18 173 18
18 174 107
18 175 1166
18 176 1304
18 177 1086
18 179 980
18 180 25
18 181 90
18 182 321
18 183 99
18 184 19
18 185 22
18 186 265
18 187 797
18 188 285
18 189 41
18 190 176
18 191 159
18 192 2415
18 193 65
18 194 44
18 195 191
18 196 1
18 197 1088
18 198 231
18 199 203
18 200 23
18 201 312
18 202 17
18 203 1523
18 204 1203
18 205 826
18 206 18
18 207 588
18 208 72
18 209 554
18 210 9
18 211 6
18 212 1930
18 213 112
18 214 212
18 215 168
18 216 4
18 217 100
18 218 31
18 219 338
18 220 719
18 221 58
18 222 14
18 223 679
18 224 308
18 225 2449
18 226 2005
18 227 358
18 228 107
18 229 328
18 230 30
18 231 7
18 232 694
18 233 485
18 235 28
18 236 1384
18 237 349
18 238 7
18 239 179
18 240 104
18 241 279
18 242 16
18 243 7
18 244 9
18 245 385
18 246 1
18 247 2
18 248 3
18 249 7
18 250 973
18 251 220
18 252 6
18 253 111
18 254 20
18 255 102
19 0 15
19 1 85
19 2 38
19 3 180
19 4 2338
19 5 2
19 6 43
19 7 60
19 9 17
19 10 162
19 11 654
19 12 1053
19 13 4
19 14 677
19 15 126
19 16 28
19 17 37
19 18 81
19 19 408
19 20 842
19 21 7
19 22 1365
19 23 180
19 24 125
19 25 128
19 26 135
19 27 155
19 28 275
19 29 8
19 30 1665
19 31 6
19 32 6
19 33 994
19 34 569
19 35 541
19 36 394
19 37 167
19 38 155
19 39 399
19 40 5
19 41 112
19 42 84
19 43 550
19 44 96
19 45 84
19 46 1
19 47 428
19 48 1202
19 49 268
19 50 77
19 51 831
19 52 31
19 53 13
19 54 415
19 55 27
19 56 360
19 57 48
19 58 12
19 59 4609
19 60 622
19 61 982
19 62 2
19 63 118
19 64 111
19 65 15
19 66 587
19 67 654
19 68 46
19 69 2
19 70 996
19 71 81
19 72 25
19 73 100
19 74 20
19 75 1382
19 76 10
19 77 171
19 78 38
19 79 69
19 80 13
19 81 30
19 82 109
19 83 263
19 84 121
19 85 875
19 86 179
19 87 66
19 88 3071
19 89 73
19 90 81
19 91 219
19 92 470
19 93 51
19 94 471
19 95 552
19 96 506
19 97 23
19 98 46
19 99 568
19 100 124
19 101 489
19 102 73
19 103 21
19 104 5
19 105 26
19 106 11
19 107 15
19 108 639
19 109 1549
19 110 36
19 111 14
19 112 378
19 113 8
19 114 408
19 115 1217
19 116 755
19 117 284
19 118 59
19 119 1
19 120 1129
19 121 324
19 122 1465
19 123 7
19 124 534
19 125 319
19 126 18
19 127 340
19 128 52
19 129 385
19 130 863
19 131 10
19 132 100
19 133 744
19 134 22
19 135 905
19 136 3
19 137 1252
19 138 142
19 139 74
19 140 8
19 141 98
19 142 209
19 143 1436
19 144 245
19 145 117
19 146 223
19 147 14
19 148 183
19 149 65
19 150 9
19 151 255
19 152 52
19 153 220
19 154 64
19 157 256
19 158 60
19 159 16
19 160 8
19 161 286
19 162 15
19 163 145
19 164 344
19 165 51
19 166 146
19 167 671
19 169 35
19 170 45
19 171 158
19 172 8
19 173 527
19 174 446
19 175 5
19 176 101
19 177 88
19 178 28
19 179 86
19 180 210
19 181 52
19 182 2
19 183 1547
19 184 31
19 185 24
19 186 270
19 187 1
19 188 19
19 189 32
19 190 500
19 191 578
19 192 272
19 193 179
19 194 94
19 195 1072
19 196 97
19 197 432
19 198 8
19 199 416
19 200 39
19 201 902
19 202 102
19 203 608
19 204 160
19 205 785
19 206 77
19 207 294
19 208 144
19 209 15
19 210 26
19 211 696
19 212 616
19 213 2
19 214 21
19 215 462
19 216 18
19 217 11
19 218 285
19 219 562
19 220 51
19 221 360
19 222 88
19 223 27
19 224 141
19 225 149
19 226 1756
19 227 31
19 228 965
19 229 256
19 230 68
19 231 512
19 232 23
19 233 547
19 234 58
19 235 86
19 236 123
19 237 129
19 238 80
19 239 267
19 240 657
19 241 119
19 242 111
19 243 232
19 244 35
19 245 158
19 246 37
19 247 647
19 248 1862
19 249 434
19 250 21
19 251 8
19 252 824
19 253 115
19 254 72
19 255 188
20 0 5
20 1 646
20 2 7
20 3 65
20 4 1489
20 5 1
20 6 18
20 7 410
20 8 54
20 9 21
20 10 73
20 11 217
20 12 80
20 15 142
20 16 248
20 17 193
20 18 115
20 19 5
20 20 440
20 21 31
20 22 348
20 23 1451
20 24 316
20 25 20
20 26 62
20 27 63
20 28 19
20 29 239
20 30 15
20 31 31
20 32 61
20 33 914
20 34 2
20 35 836
20 36 492
20 37 17
20 38 275
20 39 7
20 40 128
20 41 1078
20 42 87
20 43 62
20 44 4
20 45 13
20 46 70
20 47 432
20 48 460
20 49 311
20 50 411
20 52 38
20 53 3036
20 54 31
20 55 7
20 56 1651
20 57 205
20 58 25
20 59 411
20 60 19
20 61 364
20 62 7
20 63 182
20 64 9
20 65 423
20 66 108
20 67 3
20 68 299
20 69 22
20 70 19
20 71 2460
20 72 1742
20 73 406
20 74 187
20 75 95
20 76 339
20 78 10
20 79 35
20 80 705
20 81 191
20 82 34
20 83 74
20 84 17
20 85 877
20 86 301
20 87 2
20 88 144
20 89 294
20 90 40
20 91 78
20 92 54
20 93 37
20 94 49
20 95 2336
20 96 36
20 97 8
20 98 545
20 99 656
20 100 137
20 101 6
20 102 71
20 103 70
20 104 246
20 105 52
20 106 79
20 107 1486
20 108 72
20 110 324
20 111 12
20 112 331
20 113 199
20 114 59
20 115 126
20 116 798
20 117 785
20 118 53
20 119 6
20 120 367
20 121 822
20 122 180
20 123 13
20 124 68
20 126 128
20 127 140
20 128 11
20 129 2
20 130 56
20 131 6
20 132 64
20 133 2587
20 134 12
20 135 182
20 136 13
20 137 431
20 138 16
20 139 87
20 140 40
20 141 55
20 142 47
20 143 1846
20 144 408
20 145 1424
20 146 27
20 147 87
20 148 2328
20 150 189
20 151 535
20 152 406
20 153 77
20 154 11
20 155 58
20 156 118
20 157 505
20 158 73
20 159 603
20 160 40
20 161 146
20 162 88
20 163 135
20 164 818
20 165 121
20 166 12
20 167 14
20 168 37
20 169 214
20 170 5
20 171 2453
20 172 785
20 173 163
20 174 121
20 175 570
20 176 24
20 177 12
20 178 2
20 179 700
20 180 847
20 181 1038
20 182 265
20 183 225
20 184 304
20 185 492
20 186 168
20 187 124
20 188 190
20 189 10
20 190 30
20 191 388
20 192 175
20 193 528
20 194 245
20 195 1087
20 196 39
20 197 27
20 198 202
20 199 136
20 200 43
20 201 10
20 202 26
20 203 101
20 204 63
20 205 175
20 206 2467
20 207 496
20 208 31
20 209 22
20 210 166
20 211 164
20 212 448
20 213 40
20 214 99
20 215 74
20 216 232
20 217 184
20 218 9
20 219 122
20 220 1712
20 221 32
20 222 30
20 223 143
20 224 1617
20 225 114
20 226 124
20 227 16
20 228 53
20 229 26
20 230 56
20 231 84
20 232 102
20 233 1521
20 234 869
20 235 368
20 236 36
20 237 1380
20 238 64
20 239 1654
20 240 675
20 241 14
20 242 434
20 243 95
20 244 58
20 245 36
20 246 63
20 247 755
20 248 38
20 249 848
20 250 21
20 251 341
20 252 45
20 253 130
20 254 69
20 255 12
21 0 281
21 1 697
21 2 579
21 3 50
21 4 16
21 5 721
21 6 15
21 7 44
21 8 89
21 9 16
21 10 8
21 11 8
21 12 66
21 13 32
21 14 155
21 15 208
21 16 86
21 17 83
21 18 291
21 19 211
21 20 300
21 21 108
21 22 826
21 23 24
21 24 34
21 25 14
21 26 220
21 27 113
21 28 171
21 29 837
21 30 16
21 31 110
21 32 1251
21 33 7
21 34 90
21 35 229
21 36 111
21 37 92
21 38 216
21 39 335
21 40 27
21 41 1
21 42 117
21 43 88
21 44 247
21 45 116
21 46 10
21 47 1386
21 48 88
21 49 7
21 50 2
21 52 22
21 53 57
21 54 342
21 55 304
21 56 22
21 57 10
21 58 521
21 59 285
21 60 103
21 61 1420
21 62 16
21 63 222
21 64 29
21 65 73
21 66 10
21 67 113
21 68 1245
21 69 432
21 70 88
21 71 252
21 72 92
21 73 700
21 74 57
21 75 57
21 76 8
21 77 74
21 78 42
21 79 257
21 80 9
21 81 1124
21 82 46
21 83 47
21 84 82
21 85 143
21 86 261
21 87 48
21 88 131
21 90 47
21 91 9
21 92 2
21 93 1
21 94 765
21 95 439
21 96 355
21 98 589
21 99 1305
21 100 627
21 101 37
21 102 192
21 103 305
21 104 9
21 105 227
21 106 122
21 107 174
21 108 87
21 109 81
21 110 5
21 111 104
21 112 44
21 113 534
21 114 187
21 115 29
21 116 1022
21 117 175
21 118 23
21 119 77
21 120 1237
21 121 211
21 122 101
21 123 49
21 124 44
21 125 272
21 126 1146
21 127 410
21 128 145
21 129 69
21 130 462
21 131 344
21 132 643
21 133 9
21 134 1264
21 135 24
21 136 217
21 137 1046
21 138 3
21 139 51
21 140 1510
21 141 77
21 142 46
21 143 87
21 144 46
21 145 130
21 146 83
21 147 17
21 148 297
21 149 8
21 150 5
21 151 1078
21 152 10
21 153 130
21 154 90
21 155 528
21 156 744
21 157 72
21 158 55
21 159 7
21 160 117
21 161 1307
21 162 51
21 163 10
21 164 918
21 165 781
21 166 582
21 167 2
21 168 155
21 169 207
21 170 164
21 171 205
21 172 2381
21 173 126
21 174 87
21 176 19
21 177 205
21 178 370
21 179 392
21 180 654
21 181 72
21 182 24
21 183 1499
21 184 103
21 185 73
21 186 2158
21 187 237
21 188 2490
21 189 108
21 190 20
21 191 1046
21 192 28
21 193 202
21 194 225
21 195 54
21 196 37
21 197 1728
21 198 503
21 199 344
21 200 85
21 201 98
21 202 156
21 203 725
21 204 152
21 205 22
21 206 287
21 207 4737
21 208 311
21 209 266
21 210 208
21 211 506
21 212 222
21 213 72
21 214 1305
21 215 385
21 216 3
21 217 290
21 218 142
21 219 28
21 220 7
21 221 156
21 222 363
21 223 27
21 224 290
21 225 981
21 226 90
21 227 409
21 228 400
21 229 1551
21 230 186
21 231 137
21 232 120
21 233 1067
21 234 4
21 235 60
21 236 33
21 237 115
21 238 19
21 239 516
21 240 338
21 241 276
21 242 12
21 243 493
21 244 77
21 245 199
21 246 151
21 247 119
21 248 306
21 249 41
21 250 193
21 251 1432
21 252 165
21 253 32
21 254 804
21 255 830
22 0 420
22 1 422
22 2 29
22 3 36
22 4 51
22 5 337
22 6 105
22 7 304
22 8 507
22 9 788
22 10 179
22 11 92
22 12 544
22 13 94
22 14 11
22 15 7
22 16 15
22 17 608
22 18 8
22 19 653
22 20 495
22 21 234
22 22 97
22 23 127
22 24 469
22 25 20
22 26 1468
22 27 175
22 28 100
22 29 116
22 30 2
22 31 372
22 32 326
22 33 121
22 34 911
22 35 117
22 36 163
22 37 63
22 38 99
22 39 4
22 40 50
22 41 64
22 42 72
22 43 79
22 44 266
22 45 137
22 46 326
22 47 98
22 48 58
22 49 183
22 50 74
22 51 130
22 52 185
22 53 276
22 54 268
22 55 2
22 56 178
22 57 157
22 58 1
22 59 638
22 60 52
22 61 136
22 62 255
22 63 1294
22 64 58
22 65 626
22 66 193
22 67 9
22 68 334
22 69 64
22 70 697
22 71 194
22 72 201
22 73 85
22 74 129
22 75 41
22 76 212
22 77 417
22 78 226
22 79 35
22 80 188
22 81 470
22 82 311
22 83 299
22 84 23
22 85 13
22 86 72
22 87 100
22 88 765
22 89 39
22 90 78
22 91 437
22 92 228
22 93 134
22 94 6
22 95 158
22 96 88
22 97 56
22 98 88
22 99 10
22 100 50
22 101 103
22 102 396
22 103 25
22 104 95
22 105 13
22 106 10
22 107 28
22 108 757
22 109 603
22 110 59
22 111 142
22 112 4
22 113 380
22 114 207
22 115 279
22 116 2853
22 117 542
22 118 115
22 119 433
22 120 65
22 121 362
22 122 1739
22 123 98
22 124 158
22 125 589
22 126 403
22 127 138
22 128 120
22 129 47
22 130 746
22 131 143
22 132 3205
22 133 134
22 134 744
22 135 218
22 136 86
22 137 682
22 138 11
22 139 43
22 140 159
22 141 40
22 142 77
22 143 7
22 144 76
22 145 11
22 146 1169
22 147 419
22 148 375
22 149 621
22 150 232
22 151 134
22 152 29
22 153 11
22 154 270
22 155 4
22 156 2238
22 157 1610
22 158 11
22 159 249
22 160 1123
22 161 784
22 162 215
22 163 384
22 164 145
22 165 975
22 166 42
22 167 141
22 168 115
22 169 825
22 170 73
22 171 97
22 172 731
22 173 92
22 174 168
22 175 66
22 176 520
22 177 21
22 178 191
22 179 60
22 180 46
22 181 27
22 182 119
22 183 74
22 184 344
22 185 581
22 186 27
22 187 787
22 188 1
22 189 92
22 190 770
22 191 156
22 192 80
22 193 73
22 194 415
22 195 93
22 196 560
22 197 56
22 198 1067
22 199 406
22 200 12
22 201 34
22 202 125
22 203 140
22 204 2
22 205 1578
22 206 131
22 207 1094
22 208 201
22 210 113
22 211 301
22 212 49
22 213 238
22 214 75
22 215 191
22 216 683
22 217 815
22 218 450
22 219 125
22 220 267
22 221 43
22 222 178
22 223 114
22 224 68
22 225 635
22 226 260
22 227 134
22 228 179
22 229 360
22 230 25
22 231 75
22 232 652
22 233 1008
22 234 1904
22 235 144
22 236 1465
22 237 3
22 238 182
22 239 37
22 240 31
22 241 15
22 242 963
22 243 508
22 244 176
22 245 449
22 246 165
22 247 1725
22 248 1210
22 249 308
22 250 925
22 251 617
22 252 37
22 253 437
22 254 4
22 255 95
23 0 78
23 1 11
23 2 447
23 3 1232
23 4 68
23 5 270
23 6 8
23 7 42
23 8 52
23 9 279
23 10 1071
23 11 99
23 12 56
23 13 97
23 14 526
23 15 426
23 16 158
23 17 539
23 18 337
23 19 221
23 20 770
23 22 182
23 23 140
23 24 108
23 25 265
23 26 66
23 27 357
23 28 172
23 29 125
23 30 13
23 31 78
23 32 367
23 33 390
23 34 204
23 35 126
23 36 1119
23 37 998
23 38 115
23 39 937
23 40 627
23 41 56
23 42 642
23 43 32
23 44 1676
23 45 83
23 46 127
23 47 525
23 48 152
23 49 368
23 50 182
23 51 165
23 52 63
23 53 3
23 54 880
23 55 7
23 56 642
23 57 12
23 58 132
23 59 1534
23 60 2487
23 61 261
23 62 235
23 63 1225
23 64 337
23 65 25
23 66 345
23 68 10
23 69 83
23 70 609
23 71 448
23 72 317
23 73 99
23 74 118
23 75 58
23 76 45
23 77 117
23 78 170
23 79 228
23 80 1500
23 81 119
23 82 91
23 83 65
23 84 22
23 85 714
23 86 342
23 87 144
23 88 126
23 89 123
23 90 128
23 91 46
23 92 188
23 93 296
23 95 195
23 96 178
23 97 243
23 98 1082
23 99 590
23 100 3
23 101 1076
23 102 33
23 103 28
23 104 48
23 105 57
23 106 517
23 107 1670
23 108 227
23 109 190
23 110 2
23 111 3092
23 112 74
23 113 2
23 114 371
23 115 8
23 116 377
23 117 392
23 118 169
23 119 4
23 120 36
23 121 562
23 122 142
23 123 151
23 124 18
23 125 11
23 126 85
23 127 98
23 128 904
23 129 141
23 130 652
23 131 43
23 132 122
23 133 267
23 134 679
23 135 104
23 136 751
23 137 38
23 138 113
23 139 175
23 140 979
23 141 2323
23 142 369
23 143 367
23 144 182
23 145 491
23 146 236
23 147 110
23 148 86
23 149 55
23 150 193
23 151 325
23 152 83
23 153 508
23 154 208
23 155 64
23 156 241
23 157 401
23 158 426
23 159 472
23 160 478
23 161 597
23 162 396
23 163 39
23 164 437
23 165 18
23 166 72
23 167 224
23 168 46
23 169 68
23 170 1037
23 171 92
23 172 118
23 173 53
23 174 806
23 175 29
23 176 81
23 177 57
23 178 113
23 179 23
23 180 78
23 181 1111
23 182 1
23 183 70
23 184 75
23 185 1
23 186 390
23 187 103
23 188 194
23 189 1091
23 190 30
23 191 366
23 192 35
23 193 330
23 194 715
23 195 483
23 196 149
23 197 73
23 198 66
23 199 82
23 200 91
23 201 557
23 202 533
23 203 107
23 204 614
23 205 100
23 206 725
23 207 179
23 208 109
23 209 613
23 210 263
23 211 84
23 212 12
23 213 254
23 214 89
23 215 264
23 216 388
23 217 315
23 218 659
23 219 38
23 220 753
23 221 72
23 222 470
23 223 1421
23 224 218
23 225 294
23 226 239
23 228 135
23 229 117
23 230 264
23 231 634
23 233 128
23 234 3
23 235 4
23 236 459
23 237 205
23 238 429
23 239 674
23 240 26
23 241 430
23 242 171
23 243 159
23 244 46
23 245 11
23 246 23
23 247 540
23 248 502
23 249 128
23 250 175
23 251 116
23 252 147
23 253 227
23 254 153
23 255 605
24 0 132
24 1 336
24 2 1455
24 3 870
24 4 158
24 5 105
24 6 117
24 7 100
24 8 234
24 9 449
24 10 553
24 11 862
24 12 332
24 13 588
24 14 659
24 15 1154
24 16 473
24 17 224
24 18 81
24 19 29
24 20 229
24 21 460
24 22 207
24 23 105
24 24 240
24 25 8
24 26 822
24 27 32
24 28 36
24 29 4
24 30 141
24 31 176
24 32 458
24 33 61
24 34 394
24 35 60
24 36 67
24 37 86
24 38 200
24 39 2697
24 40 22
24 41 38
24 42 196
24 43 871
24 44 629
24 45 11
24 46 139
24 47 309
24 48 350
24 49 25
24 50 1931
24 51 20
24 52 65
24 53 101
24 54 284
24 55 492
24 56 700
24 57 17
24 58 158
24 59 441
24 60 158
24 61 2
24 62 155
24 63 809
24 64 4
24 65 64
24 66 34
24 67 672
24 68 104
24 69 75
24 70 182
24 71 328
24 72 17
24 73 128
24 74 1019
24 75 46
24 76 153
24 77 71
24 78 69
24 79 141
24 80 480
24 81 100
24 82 11
24 83 29
24 84 250
24 85 207
24 87 300
24 88 117
24 89 245
24 90 31
24 91 187
24 92 117
24 93 1091
24 94 140
24 95 29
24 96 307
24 97 68
24 98 261
24 99 436
24 100 281
24 101 104
24 102 152
24 103 231
24 104 167
24 105 138
24 106 573
24 107 100
24 108 29
24 109 133
24 110 55
24 111 302
24 112 89
24 113 79
24 114 16
24 115 882
24 116 3093
24 117 146
24 118 2
24 119 889
24 120 141
24 121 30
24 122 23
24 123 12
24 124 223
24 125 264
24 126 103
24 127 110
24 128 1646
24 129 7
24 130 5
24 131 156
24 132 27
24 133 106
24 134 55
24 135 11
24 136 25
24 137 623
24 138 444
24 139 377
24 140 43
24 141 20
24 142 161
24 143 1529
24 144 257
24 145 1040
24 146 133
24 147 314
24 148 324
24 149 383
24 150 55
24 151 277
24 152 134
24 153 106
24 154 957
24 155 251
24 156 55
24 157 900
24 158 568
24 159 51
24 160 891
24 161 273
24 162 14
24 163 907
24 164 208
24 165 339
24 166 984
24 167 476
24 168 157
24 169 239
24 170 86
24 171 22
24 172 17
24 173 80
24 174 258
24 175 258
24 176 1938
24 177 252
24 178 903
24 179 17
24 180 64
24 181 13
24 182 2
24 183 16
24 184 106
24 185 227
24 186 773
24 187 48
24 188 96
24 189 1478
24 190 60
24 191 457
24 192 419
24 193 586
24 194 171
24 195 304
24 196 724
24 197 5
24 198 289
24 199 534
24 200 72
24 201 115
24 202 53
24 203 796
24 204 10
24 205 149
24 206 396
24 207 273
24 208 471
24 209 472
24 210 1012
24 211 227
24 212 356
24 213 228
24 214 46
24 215 14
24 216 188
24 217 396
24 218 51
24 219 167
24 220 1392
24 221 179
24 222 817
24 223 357
24 224 191
24 225 308
24 226 141
24 227 7
24 228 16
24 229 196
24 230 83
24 231 58
24 232 131
24 233 38
24 234 2
24 235 343
24 236 1
24 237 197
24 238 124
24 239 200
24 240 165
24 241 39
24 242 633
24 243 87
24 244 2554
24 245 12
24 246 92
24 247 126
24 248 127
24 249 59
24 250 1165
24 251 485
24 252 16
24 253 221
24 254 443
24 255 191
25 0 2007
25 1 264
25 2 356
25 3 163
25 4 147
25 5 380
25 6 1514
25 7 198
25 8 42
25 9 8
25 10 15
25 11 104
25 12 16
25 13 893
25 14 490
25 15 282
25 16 33
25 17 13
25 18 74
25 19 1497
25 20 705
25 21 358
25 22 135
25 23 107
25 24 65
25 25 139
25 26 189
25 27 31
25 28 512
25 29 878
25 30 3
25 31 5
25 32 765
25 33 1263
25 34 290
25 35 241
25 36 56
25 37 674
25 38 376
25 39 5
25 40 1122
25 41 17
25 42 603
25 43 797
25 44 409
25 45 2029
25 46 28
25 47 75
25 48 4
25 49 19
25 50 68
25 51 25
25 52 82
25 53 8
25 54 5
25 55 32
25 56 45
25 57 72
25 58 176
25 59 1
25 60 20
25 61 769
25 62 7
25 63 51
25 64 315
25 65 60
25 66 1009
25 67 185
25 68 20
25 70 223
25 71 306
25 72 351
25 73 17
25 74 1
25 75 8
25 76 364
25 77 16
25 78 610
25 79 31
25 80 221
25 81 174
25 82 30
25 83 866
25 84 68
25 85 45
25 86 9
25 87 129
25 88 4
25 89 324
25 90 6
25 91 207
25 92 310
25 93 2413
25 94 71
25 95 166
25 96 5
25 97 705
25 98 2108
25 99 87
25 100 188
25 101 1020
25 102 13
25 103 126
25 104 280
25 105 113
25 106 38
25 107 55
25 108 58
25 109 376
25 110 125
25 111 372
25 112 861
25 113 1056
25 114 211
25 115 182
25 116 190
25 117 71
25 118 219
25 119 164
25 120 686
25 121 151
25 122 1
25 123 43
25 124 57
25 125 66
25 126 221
25 127 544
25 128 62
25 129 78
25 130 516
25 131 171
25 132 236
25 133 15
25 134 1171
25 135 84
25 136 30
25 137 780
25 138 863
25 139 121
25 140 552
25 141 93
25 142 1236
25 143 42
25 144 41
25 145 1537
25 146 327
25 147 936
25 148 320
25 149 221
25 150 8
25 151 360
25 152 275
25 153 327
25 154 1836
25 155 656
25 156 66
25 157 135
25 158 847
25 159 408
25 160 404
25 161 152
25 162 464
25 163 25
25 164 209
25 165 2306
25 166 1339
25 167 83
25 168 498
25 169 196
25 170 107
25 171 184
25 172 18
25 173 4
25 174 630
25 175 471
25 176 46
25 177 32
25 178 836
25 179 79
25 180 391
25 181 56
25 182 619
25 183 1837
25 184 76
25 185 291
25 186 1
25 187 54
25 188 79
25 189 178
25 190 53
25 191 36
25 192 317
25 193 42
25 194 546
25 195 240
25 196 4
25 197 3
25 198 9
25 199 630
25 200 528
25 201 53
25 202 320
25 203 214
25 204 377
25 205 37
25 206 275
25 207 32
25 208 750
25 209 227
25 210 196
25 211 725
25 212 271
25 213 27
25 214 29
25 215 107
25 216 148
25 217 21
25 218 7
25 219 1185
25 220 94
25 221 232
25 222 827
25 223 56
25 224 65
25 225 13
25 226 48
25 227 118
25 228 230
25 229 71
25 230 152
25 231 56
25 232 91
25 233 39
25 234 119
25 235 5
25 236 87
25 237 13
25 238 73
25 239 43
25 240 111
25 241 77
25 242 128
25 243 299
25 244 88
25 245 11
25 246 133
25 247 13
25 248 261
25 249 31
25 250 379
25 251 103
25 252 2549
25 253 174
25 254 372
25 255 323
26 0 117
26 1 81
26 2 10
26 3 86
26 4 15
26 5 25
26 6 126
26 7 15
26 8 91
26 9 105
26 10 158
26 11 41
26 12 375
26 14 267
26 15 25
26 16 56
26 17 659
26 18 828
26 19 13
26 20 634
26 21 1109
26 22 195
26 24 118
26 25 2
26 26 154
26 27 21
26 28 383
26 29 58
26 30 46
26 31 135
26 32 373
26 33 68
26 34 58
26 35 480
26 36 33
26 37 102
26 38 337
26 39 81
26 40 212
26 41 97
26 42 108
26 43 79
26 44 1588
26 45 49
26 46 7
26 47 237
26 48 304
26 49 57
26 50 543
26 51 1277
26 52 2499
26 53 184
26 54 1048
26 55 69
26 56 101
26 57 187
26 58 605
26 59 180
26 60 180
26 61 182
26 62 83
26 63 139
26 64 396
26 65 116
26 66 262
26 67 1442
26 68 26
26 69 4
26 70 157
26 71 275
26 72 244
26 73 1856
26 74 18
26 75 56
26 76 140
26 77 248
26 78 529
26 79 3
26 80 11
26 81 97
26 82 171
26 83 300
26 84 277
26 85 84
26 86 1958
26 87 339
26 88 935
26 90 296
26 91 32
26 92 179
26 93 317
26 94 192
26 95 103
26 96 2608
26 97 147
26 98 18
26 99 86
26 100 10
26 101 471
26 102 126
26 103 374
26 104 4
26 105 162
26 106 1476
26 107 127
26 108 2
26 109 135
26 110 443
26 111 18
26 112 61
26 113 226
26 114 94
26 115 586
26 116 163
26 117 977
26 118 347
26 119 45
26 120 29
26 121 14
26 122 14
26 123 111
26 124 775
26 125 15
26 126 35
26 127 34
26 128 54
26 129 13
26 130 106
26 131 863
26 132 1755
26 133 25
26 134 165
26 135 120
26 136 131
26 137 1561
26 138 958
26 139 92
26 140 124
26 141 57
26 142 147
26 143 205
26 144 202
26 145 73
26 146 621
26 147 1283
26 148 792
26 149 232
26 150 55
26 151 43
26 152 18
26 153 350
26 154 73
26 155 38
26 156 123
26 157 34
26 158 455
26 159 515
26 160 57
26 161 63
26 162 41
26 163 375
26 164 346
26 165 606
26 166 316
26 167 2333
26 168 60
26 169 52
26 170 110
26 171 1159
26 172 132
26 173 149
26 174 14
26 175 73
26 176 123
26 177 40
26 178 10
26 179 1108
26 180 595
26 181 96
26 182 428
26 183 256
26 184 136
26 185 50
26 186 4
26 187 178
26 188 32
26 189 522
26 190 96
26 191 57
26 193 86
26 194 3089
26 195 3
26 196 790
26 197 198
26 198 1203
26 199 66
26 200 203
26 201 176
26 202 2039
26 203 654
26 204 1617
26 205 209
26 206 7
26 207 140
26 208 7
26 209 120
26 210 2
26 211 123
26 212 658
26 213 356
26 214 1603
26 215 72
26 216 236
26 217 106
26 218 86
26 219 58
26 220 26
26 221 1
26 222 62
26 223 58
26 224 25
26 225 452
26 226 52
26 227 51
26 228 43
26 229 537
26 230 86
26 231 637
26 232 72
26 233 6
26 234 14
26 235 207
26 236 66
26 237 55
26 238 154
26 239 106
26 240 190
26 241 331
26 242 219
26 243 60
26 244 75
26 245 163
26 246 36
26 247 100
26 248 966
26 249 129
26 250 137
26 251 64
26 252 2448
26 253 657
26 254 205
26 255 28
27 0 333
27 1 998
27 2 61
27 3 2250
27 4 175
27 5 60
27 6 388
27 7 9
27 8 96
27 9 14
27 10 13
27 11 376
27 12 998
27 13 221
27 14 822
27 15 12
27 16 208
27 17 93
27 18 583
27 19 61
27 20 19
27 21 204
27 22 6
27 23 406
27 24 64
27 25 18
27 26 494
27 27 183
27 28 968
27 29 243
27 30 489
27 31 212
27 32 50
27 33 499
27 34 188
27 35 487
27 36 275
27 37 291
27 38 37
27 39 68
27 40 8
27 41 29
27 42 166
27 43 67
27 44 57
27 45 74
27 46 449
27 47 12
27 48 79
27 49 107
27 50 852
27 51 143
27 52 58
27 53 166
27 54 1373
27 55 258
27 56 110
27 57 394
27 58 1084
27 59 181
27 60 437
27 61 6
27 62 78
27 63 9
27 64 140
27 65 332
27 66 25
27 67 28
27 68 15
27 69 146
27 70 468
27 71 909
27 72 39
27 73 28
27 74 653
27 75 29
27 76 265
27 77 99
27 78 232
27 79 553
27 80 1094
27 81 760
27 82 102
27 83 42
27 84 5
27 85 57
27 86 269
27 87 557
27 88 291
27 89 51
27 90 494
27 91 5
27 92 132
27 93 77
27 94 254
27 95 132
27 96 401
27 97 309
27 98 645
27 99 357
27 100 909
27 101 399
27 102 169
27 103 275
27 104 189
27 105 3
27 106 93
27 107 30
27 108 135
27 109 185
27 110 1309
27 111 115
27 112 174
27 113 8
27 114 1939
27 115 13
27 116 621
27 117 98
27 118 34
27 119 85
27 120 474
27 121 588
27 122 258
27 123 102
27 124 29
27 125 33
27 126 121
27 127 184
27 128 127
27 129 128
27 130 445
27 131 98
27 132 53
27 133 570
27 134 903
27 135 66
27 136 57
27 137 165
27 138 112
27 139 1256
27 140 24
27 141 238
27 142 151
27 144 90
27 145 810
27 146 880
27 147 1639
27 148 13
27 149 199
27 150 336
27 151 608
27 153 290
27 154 156
27 155 887
27 156 115
27 157 42
27 158 184
27 159 134
27 160 43
27 161 16
27 162 1773
27 163 59
27 164 14
27 165 1086
27 166 985
27 167 3
27 168 118
27 169 3498
27 170 703
27 171 757
27 172 877
27 173 145
27 174 83
27 175 105
27 176 1
27 177 1088
27 178 320
27 179 70
27 180 94
27 181 1563
27 182 202
27 183 219
27 184 64
27 185 83
27 186 212
27 187 104
27 188 110
27 189 410
27 190 152
27 191 191
27 192 10
27 193 23
27 194 6
27 195 627
27 196 64
27 197 196
27 198 30
27 199 43
27 200 967
27 201 4
27 202 45
27 203 352
27 204 235
27 206 2695
27 207 14
27 208 38
27 209 45
27 210 78
27 211 12
27 212 14
27 213 477
27 215 1484
27 216 166
27 217 525
27 218 12
27 219 13
27 220 10
27 221 104
27 222 85
27 223 111
27 224 77
27 225 193
27 226 22
27 227 433
27 228 424
27 229 252
27 230 36
27 231 26
27 232 113
27 233 1677
27 234 25
27 235 295
27 236 18
27 237 70
27 238 535
27 239 92
27 240 172
27 241 420
27 242 842
27 243 41
27 244 199
27 245 134
27 246 16
27 247 101
27 248 578
27 249 1566
27 250 808
27 251 49
27 252 28
27 253 9
27 254 188
27 255 32
28 0 395
28 1 84
28 2 158
28 3 8
28 4 529
28 5 943
28 6 60
28 7 63
28 8 43
28 9 160
28 10 279
28 11 17
28 12 25
28 13 279
28 14 182
28 15 118
28 16 51
28 18 88
28 19 4
28 20 897
28 21 27
28 22 86
28 23 101
28 24 896
28 25 60
28 26 1687
28 28 45
28 29 79
28 30 39
28 31 598
28 32 214
28 33 347
28 34 165
28 35 106
28 36 220
28 37 205
28 38 19
28 39 124
28 40 88
28 41 128
28 42 33
28 43 1590
28 44 16
28 45 422
28 46 85
28 47 1762
28 48 36
28 49 39
28 50 180
28 51 689
28 53 599
28 54 728
28 55 216
28 56 1094
28 57 188
28 58 55
28 59 792
28 60 102
28 61 255
28 62 115
28 63 266
28 64 44
28 65 236
28 66 177
28 67 299
28 68 74
28 69 13
28 70 26
28 71 226
28 72 4131
28 73 381
28 74 988
28 75 404
28 76 13
28 77 17
28 78 275
28 79 11
28 80 829
28 81 200
28 82 1511
28 83 1
28 84 111
28 85 186
28 87 182
28 88 150
28 89 165
28 90 5
28 91 144
28 92 150
28 93 227
28 94 17
28 95 794
28 96 743
28 97 11
28 98 6
28 99 115
28 100 257
28 101 89
28 102 794
28 103 56
28 104 225
28 105 124
28 106 79
28 107 95
28 108 38
28 109 10
28 110 71
28 111 389
28 112 229
28 113 65
28 114 158
28 115 107
28 116 662
28 117 1734
28 119 357
28 120 193
28 121 227
28 122 452
28 123 4
28 124 318
28 125 23
28 126 120
28 127 8
28 128 10
28 129 62
28 130 528
28 131 17
28 132 24
28 133 932
28 134 303
28 135 8
28 136 246
28 137 441
28 138 610
28 139 21
28 140 24
28 141 14
28 142 189
28 143 15
28 144 272
28 145 933
28 146 49
28 147 459
28 148 11
28 149 415
28 150 832
28 151 637
28 152 1340
28 153 317
28 154 7
28 155 230
28 156 1359
28 157 29
28 158 234
28 159 33
28 160 301
28 161 217
28 162 201
28 163 655
28 164 150
28 165 145
28 166 214
28 167 180
28 168 384
28 169 1367
28 170 2837
28 171 1679
28 172 360
28 173 379
28 174 111
28 175 132
28 176 196
28 177 105
28 178 255
28 179 208
28 180 18
28 181 353
28 182 81
28 183 928
28 184 2
28 185 417
28 186 448
28 187 99
28 188 406
28 189 81
28 190 862
28 191 831
28 192 14
28 193 1427
28 194 75
28 195 483
28 196 706
28 197 361
28 198 68
28 199 10
28 200 39
28 201 584
28 202 103
28 203 310
28 204 136
28 205 464
28 206 10
28 207 1
28 208 60
28 209 248
28 210 451
28 211 150
28 212 1376
28 213 103
28 214 27
28 215 25
28 216 46
28 217 170
28 218 8
28 219 1077
28 220 80
28 221 73
28 222 46
28 223 67
28 224 220
28 225 87
28 226 11
28 227 73
28 228 688
28 229 381
28 230 607
28 231 904
28 232 263
28 233 74
28 234 848
28 235 523
28 236 95
28 237 376
28 238 331
28 239 59
28 240 5
28 241 67
28 242 3
28 243 425
28 244 116
28 245 292
28 246 102
28 247 298
28 248 103
28 249 5
28 250 533
28 251 21
28 252 1008
28 253 54
28 254 205
28 255 213
29 0 626
29 1 2610
29 2 692
29 3 40
29 4 295
29 5 1720
29 6 4
29 7 8
29 8 422
29 9 328
29 10 74
29 11 36
29 12 45
29 13 229
29 14 140
29 15 810
29 16 277
29 17 429
29 18 135
29 19 1096
29 20 1628
29 21 1501
29 22 173
29 23 5
29 24 7
29 25 105
29 26 307
29 27 30
29 28 612
29 29 52
29 30 100
29 31 3
29 32 15
29 33 66
29 34 147
29 35 301
29 36 346
29 37 66
29 38 1314
29 39 135
29 40 6
29 41 93
29 42 48
29 43 33
29 44 300
29 45 24
29 46 144
29 47 502
29 48 16
29 49 431
29 50 86
29 51 162
29 52 25
29 53 72
29 54 548
29 55 2
29 56 28
29 57 1109
29 58 288
29 59 65
29 60 1698
29 61 809
29 62 536
29 63 86
29 64 268
29 65 348
29 66 224
29 67 39
29 68 89
29 69 1249
29 70 2
29 71 135
29 72 148
29 73 91
29 74 100
29 75 63
29 76 959
29 77 8
29 78 736
29 79 40
29 81 2
29 82 5
29 83 27
29 84 26
29 85 20
29 86 53
29 87 1247
29 88 1507
29 89 3912
29 90 89
29 91 124
29 92 11
29 93 95
29 94 1051
29 95 35
29 96 161
29 97 21
29 98 894
29 99 434
29 100 359
29 101 371
29 102 804
29 103 112
29 104 355
29 105 2
29 106 101
29 107 9
29 108 107
29 109 160
29 110 874
29 111 18
29 112 69
29 113 50
29 114 197
29 115 490
29 116 25
29 117 1705
29 118 8
29 119 711
29 120 137
29 121 142
29 122 224
29 123 14
29 124 401
29 125 343
29 126 405
29 127 177
29 128 120
29 129 59
29 130 104
29 131 59
29 132 390
29 133 5
29 134 22
29 135 150
29 136 11
29 137 45
29 138 50
29 139 363
29 140 1573
29 141 620
29 142 1002
29 143 1
29 144 271
29 145 118
29 146 23
29 147 33
29 148 22
29 149 376
29 150 991
29 151 580
29 152 291
29 153 165
29 154 5
29 155 296
29 156 266
29 157 206
29 158 1837
29 159 42
29 160 123
29 161 197
29 162 145
29 163 13
29 164 564
29 165 151
29 166 636
29 167 129
29 168 62
29 169 146
29 170 357
29 171 190
29 172 763
29 173 238
29 174 10
29 175 83
29 176 58
29 177 176
29 178 4
29 179 31
29 180 39
29 181 1
29 182 6
29 183 48
29 184 89
29 185 616
29 186 149
29 187 271
29 188 87
29 189 48
29 190 259
29 191 54
29 192 231
29 194 60
29 195 42
29 196 112
29 197 12
29 198 168
29 199 138
29 200 524
29 201 242
29 202 121
29 203 3
29 204 1435
29 205 10
29 206 236
29 207 9
29 208 100
29 209 481
29 210 147
29 211 241
29 212 7
29 213 249
29 214 283
29 215 162
29 216 279
29 217 196
29 218 467
29 219 771
29 220 402
29 221 129
29 222 2109
29 223 764
29 224 14
29 225 426
29 226 68
29 227 38
29 228 138
29 229 989
29 230 1126
29 231 45
29 232 91
29 233 277
29 235 129
29 236 802
29 237 89
29 238 183
29 239 70
29 240 20
29 241 734
29 242 855
29 243 98
29 244 106
29 245 74
29 246 41
29 247 119
29 248 670
29 249 230
29 250 1050
29 251 39
29 252 413
29 253 30
29 254 29
29 255 31
30 0 230
30 1 44
30 2 32
30 3 93
30 4 5
30 5 48
30 6 428
30 7 1
30 8 138
30 9 9
30 10 48
30 11 290
30 13 1092
30 14 65
30 15 154
30 16 2308
30 17 278
30 18 245
30 19 168
30 20 29
30 21 16
30 22 24
30 23 36
30 24 209
30 25 46
30 26 21
30 27 23
30 28 28
30 29 36
30 30 250
30 31 162
30 32 207
30 33 28
30 34 68
30 35 124
30 36 6
30 37 151
30 38 257
30 39 82
30 40 185
30 41 13
30 42 106
30 43 799
30 44 496
30 45 562
30 46 5
30 47 71
30 48 16
30 49 14
30 50 519
30 51 284
30 52 151
30 53 236
30 54 74
30 55 182
30 56 15
30 57 152
30 58 127
30 59 9
30 60 417
30 61 102
30 62 75
30 63 736
30 64 732
30 65 2
30 66 701
30 67 118
30 68 124
30 69 571
30 70 19
30 71 854
30 72 458
30 73 741
30 74 95
30 75 141
30 76 6
30 77 1376
30 78 8
30 79 80
30 80 120
30 81 194
30 82 37
30 83 228
30 84 34
30 85 357
30 86 85
30 87 1
30 88 92
30 89 68
30 90 263
30 91 4508
30 92 310
30 93 372
30 94 546
30 95 24
30 96 99
30 97 524
30 98 9
30 99 440
30 100 16
30 101 46
30 102 51
30 103 88
30 104 132
30 105 504
30 106 326
30 107 40
30 108 312
30 109 6
30 110 19
30 111 232
30 112 272
30 113 9
30 114 110
30 115 260
30 116 819
30 117 507
30 118 270
30 119 254
30 120 82
30 121 252
30 122 658
30 123 531
30 124 8
30 125 16
30 126 461
30 127 116
30 128 1081
30 129 200
30 130 658
30 131 66
30 132 8
30 133 207
30 134 547
30 135 725
30 136 8
30 137 121
30 138 449
30 139 3418
30 140 71
30 141 386
30 142 86
30 143 546
30 144 547
30 145 5
30 146 344
30 147 60
30 148 680
30 149 31
30 150 7
30 151 1131
30 152 522
30 153 17
30 154 4
30 155 1054
30 156 119
30 157 9
30 158 68
30 159 332
30 160 96
30 161 345
30 162 1240
30 163 907
30 164 29
30 165 96
30 166 81
30 167 17
30 168 1
30 169 92
30 170 1128
30 171 95
30 172 163
30 173 8
30 174 159
30 175 1507
30 176 831
30 177 1155
30 178 5
30 179 1004
30 180 104
30 181 66
30 182 168
30 183 40
30 184 17
30 185 50
30 186 219
30 187 662
30 188 410
30 189 39
30 190 550
30 191 103
30 192 2660
30 193 31
30 194 12
30 195 267
30 196 2
30 197 1240
30 198 212
30 199 157
30 200 2
30 201 495
30 202 28
30 203 686
30 204 291
30 205 509
30 206 21
30 207 170
30 208 80
30 209 425
30 210 1
30 211 8
30 212 2264
30 213 69
30 214 197
30 215 177
30 216 33
30 217 48
30 218 18
30 219 285
30 220 753
30 221 846
30 222 29
30 223 644
30 224 126
30 225 2152
30 226 1997
30 227 205
30 228 99
30 229 166
30 230 46
30 231 40
30 232 1072
30 233 96
30 234 25
30 235 22
30 236 981
30 237 425
30 238 2
30 239 140
30 240 400
30 241 228
30 242 35
30 243 22
30 244 3
30 245 354
30 248 1
30 250 1071
30 251 463
30 252 6
30 253 208
30 254 15
30 255 103
31 0 15
31 1 38
31 2 35
31 3 234
31 4 985
31 5 4
31 6 2
31 7 116
31 9 7
31 10 135
31 11 497
31 12 1460
31 13 16
31 14 1077
31 15 198
31 16 29
31 17 81
31 18 59
31 19 92
31 20 763
31 21 1
31 22 1581
31 23 310
31 24 76
31 25 86
31 26 249
31 27 282
31 28 468
31 29 12
31 30 1996
31 31 6
31 32 18
31 33 3193
31 34 899
31 35 233
31 36 667
31 37 192
31 38 122
31 39 430
31 40 14
31 41 162
31 42 416
31 43 462
31 44 60
31 45 123
31 46 4
31 47 398
31 48 73
31 49 676
31 50 250
31 51 592
31 52 136
31 53 1
31 54 223
31 55 225
31 56 60
31 57 86
31 58 2
31 59 4842
31 60 385
31 61 1089
31 62 4
31 63 140
31 64 64
31 65 5
31 66 187
31 67 971
31 68 6
31 69 7
31 70 963
31 71 335
31 72 106
31 73 70
31 74 51
31 75 759
31 76 4
31 77 70
31 78 13
31 79 117
31 80 10
31 81 19
31 82 69
31 83 440
31 84 33
31 85 553
31 86 25
31 87 71
31 88 3037
31 89 88
31 90 44
31 91 266
31 92 424
31 93 45
31 94 393
31 95 861
31 96 737
31 97 21
31 98 50
31 99 367
31 100 73
31 101 377
31 102 81
31 103 33
31 104 1
31 105 20
31 106 12
31 107 4
31 108 957
31 109 1333
31 110 42
31 111 41
31 112 307
31 113 15
31 114 329
31 115 603
31 116 885
31 117 3
31 118 56
31 120 1222
31 121 392
31 122 858
31 123 12
31 124 336
31 125 139
31 126 20
31 127 113
31 128 30
31 129 100
31 130 576
31 131 66
31 132 306
31 133 504
31 134 67
31 135 1328
31 136 1
31 137 1519
31 138 52
31 139 190
31 140 3
31 141 98
31 142 60
31 143 1379
31 144 154
31 145 146
31 146 370
31 147 2
31 148 211
31 149 184
31 150 150
31 151 687
31 152 125
31 153 93
31 154 316
31 155 8
31 156 11
31 157 875
31 158 92
31 159 21
31 160 23
31 161 247
31 162 50
31 163 139
31 164 164
31 165 116
31 166 406
31 167 1134
31 169 69
31 170 9
31 171 40
31 172 51
31 173 302
31 174 321
31 175 13
31 176 116
31 177 54
31 178 8
31 179 63
31 180 244
31 181 34
31 183 1266
31 184 162
31 185 38
31 186 281
31 188 51
31 189 3
31 190 164
31 191 742
31 192 166
31 193 129
31 194 165
31 195 162
31 196 48
31 197 204
31 198 9
31 199 632
31 200 12
31 201 574
31 202 181
31 203 575
31 204 282
31 205 801
31 206 49
31 207 359
31 208 21
31 209 12
31 210 2
31 211 499
31 212 388
31 213 2
31 214 50
31 215 516
31 216 53
31 217 29
31 218 562
31 219 410
31 220 71
31 221 284
31 222 47
31 223 13
31 224 76
31 225 181
31 226 2099
31 227 8
31 228 1424
31 229 611
31 230 51
31 231 521
31 232 33
31 233 947
31 234 71
31 235 21
31 236 70
31 237 215
31 238 83
31 239 135
31 240 890
31 241 109
31 242 79
31 243 99
31 244 49
31 245 49
31 246 81
31 247 685
31 248 1489
31 249 632
31 250 12
31 251 13
31 252 632
31 253 90
31 254 12
31 255 176
32 0 5
32 1 13
32 2 245
32 3 455
32 4 21
32 5 143
32 6 195
32 7 408
32 8 44
32 9 8
32 10 134
32 11 110
32 12 556
32 13 70
32 14 1171
32 15 275
32 16 46
32 17 390
32 18 514
32 19 1032
32 20 19
32 21 651
32 22 172
32 23 45
32 24 112
32 25 142
32 26 213
32 27 81
32 28 260
32 29 20
32 30 66
32 31 846
32 32 10
32 33 707
32 34 192
32 35 108
32 37 191
32 38 244
32 39 3
32 40 2
32 41 38
32 42 216
32 43 86
32 44 40
32 45 65
32 46 172
32 47 4735
32 48 432
32 49 39
32 50 396
32 51 58
32 52 143
32 53 417
32 54 281
32 55 6
32 56 27
32 57 1003
32 58 257
32 59 435
32 60 610
32 61 130
32 62 109
32 63 122
32 64 699
32 65 177
32 66 122
32 67 146
32 68 128
32 70 97
32 71 17
32 72 5
32 73 245
32 74 108
32 75 660
32 76 705
32 77 635
32 78 266
32 80 242
32 82 26
32 83 52
32 84 42
32 85 714
32 86 664
32 87 44
32 88 383
32 89 338
32 90 854
32 91 30
32 92 377
32 93 13
32 94 12
32 95 103
32 96 495
32 97 16
32 98 733
32 99 555
32 101 323
32 102 435
32 103 37
32 104 404
32 105 60
32 106 42
32 107 233
32 108 72
32 109 670
32 110 506
32 111 14
32 112 533
32 113 522
32 115 89
32 116 417
32 117 268
32 118 13
32 119 1274
32 120 440
32 121 106
32 122 18
32 123 1301
32 124 110
32 125 866
32 126 33
32 127 286
32 128 171
32 129 77
32 130 9
32 131 193
32 132 465
32 133 125
32 134 449
32 135 10
32 136 193
32 137 256
32 138 57
32 139 202
32 140 481
32 142 70
32 143 168
32 144 375
32 145 2
32 146 1127
32 147 30
32 148 100
32 149 275
32 150 828
32 151 1158
32 152 61
32 153 1
32 154 49
32 155 25
32 156 1247
32 157 220
32 158 1812
32 159 1025
32 160 171
32 161 117
32 162 385
32 163 19
32 164 80
32 165 12
32 166 47
32 168 26
32 169 1
32 170 107
32 171 35
32 172 6
32 173 371
32 174 81
32 175 230
32 176 45
32 177 3
32 178 2785
32 179 1400
32 180 75
32 181 867
32 182 12
32 183 52
32 184 230
32 185 487
32 186 580
32 187 56
32 188 12
32 190 1
32 191 110
32 192 470
32 193 6
32 194 1154
32 195 589
32 196 11
32 197 707
32 198 3
32 199 514
32 200 14
32 201 272
32 202 266
32 203 32
32 204 86
32 205 112
32 206 1538
32 207 8
32 208 62
32 209 225
32 210 360
32 211 22
32 212 89
32 213 35
32 214 105
32 215 232
32 216 2590
32 217 15
32 218 80
32 219 143
32 220 837
32 221 461
32 222 11
32 223 1774
32 224 361
32 225 26
32 226 176
32 227 116
32 228 31
32 229 25
32 230 264
32 231 83
32 232 32
32 233 177
32 235 531
32 236 2349
32 237 429
32 238 672
32 239 1
32 240 92
32 241 255
32 243 4
32 244 100
32 245 454
32 246 331
32 247 902
32 248 269
32 249 14
32 250 137
32 251 87
32 252 481
32 253 3
32 254 1191
32 255 1025
33 0 104
33 1 7
33 2 58
33 3 17
33 4 104
33 5 914
33 6 417
33 7 70
33 8 1
33 9 650
33 10 52
33 11 539
33 12 139
33 13 3
33 14 1
33 15 23
33 16 866
33 17 64
33 18 561
33 19 36
33 21 543
33 22 26
33 23 353
33 24 26
33 25 32
33 26 2
33 27 186
33 28 559
33 29 11
33 30 240
33 31 3
33 32 355
33 33 410
33 35 70
33 36 488
33 37 619
33 38 23
33 39 261
33 40 1514
33 41 1389
33 42 3
33 43 301
33 44 42
33 46 24
33 47 844
33 48 2
33 49 980
33 50 384
33 51 409
33 52 237
33 53 30
33 54 354
33 55 207
33 56 1085
33 57 114
33 58 354
33 59 521
33 60 28
33 61 463
33 62 73
33 63 393
33 64 186
33 65 20
33 66 72
33 67 115
33 68 405
33 69 13
33 70 246
33 71 70
33 72 1389
33 73 759
33 74 2050
33 75 1149
33 76 29
33 77 238
33 78 31
33 79 140
33 80 2
33 81 4186
33 82 2338
33 83 1152
33 84 549
33 85 183
33 86 1099
33 87 301
33 88 39
33 89 54
33 90 485
33 91 133
33 92 402
33 93 1210
33 94 777
33 95 1008
33 96 273
33 97 675
33 98 78
33 99 244
33 100 1
33 101 10
33 102 544
33 103 639
33 104 788
33 105 359
33 106 269
33 107 727
33 108 255
33 109 24
33 110 274
33 111 31
33 112 34
33 113 60
33 114 477
33 115 52
33 116 41
33 117 226
33 118 338
33 119 28
33 121 394
33 122 22
33 123 15
33 124 5
33 125 2
33 126 854
33 127 471
33 128 62
33 129 853
33 130 557
33 131 27
33 132 711
33 133 608
33 134 2
33 135 327
33 136 339
33 137 354
33 138 38
33 139 1164
33 140 41
33 142 89
33 143 810
33 144 68
33 145 8
33 146 1045
33 147 155
33 148 7
33 149 20
33 150 12
33 151 298
33 152 149
33 153 4
33 154 135
33 155 99
33 156 341
33 157 82
33 158 101
33 159 6
33 160 88
33 161 642
33 162 1443
33 164 239
33 165 258
33 166 184
33 167 426
33 168 363
33 170 33
33 171 7
33 172 27
33 173 166
33 174 258
33 175 9
33 176 290
33 177 233
33 178 39
33 179 155
33 180 509
33 181 867
33 182 382
33 183 582
33 184 468
33 185 59
33 186 36
33 187 41
33 188 11
33 189 739
33 190 1665
33 191 32
33 192 672
33 193 10
33 194 1
33 195 29
33 196 62
33 197 22
33 198 337
33 199 2
33 200 820
33 201 154
33 202 1319
33 203 672
33 204 100
33 205 353
33 206 408
33 207 222
33 208 78
33 209 27
33 210 269
33 211 7
33 212 60
33 213 41
33 214 348
33 215 189
33 216 1
33 217 467
33 218 38
33 219 37
33 220 905
33 221 45
33 222 1
33 223 128
33 224 610
33 225 96
33 226 3
33 227 181
33 228 165
33 229 562
33 230 17
33 231 350
33 232 1212
33 233 8
33 234 558
33 235 131
33 236 179
33 237 74
33 238 795
33 239 31
33 240 168
33 241 411
33 242 11
33 243 10
33 244 659
33 245 142
33 246 6
33 247 85
33 248 37
33 249 12
33 250 459
33 251 130
33 252 29
33 253 220
33 254 46
33 255 8
35 0 73
35 1 28
35 2 649
35 3 217
35 5 408
35 6 4
35 7 497
35 8 220
35 9 194
35 10 542
35 11 128
35 12 74
35 13 182
35 14 722
35 15 194
35 16 1158
35 17 50
35 18 100
35 19 31
35 20 34
35 21 362
35 22 709
35 23 8
35 24 814
35 25 4
35 27 416
35 28 30
35 29 29
35 30 63
35 31 105
35 32 1
35 33 241
35 34 84
35 35 133
35 36 2872
35 37 117
35 38 157
35 39 842
35 40 100
35 41 36
35 42 568
35 43 691
35 44 453
35 46 604
35 47 82
35 48 36
35 49 474
35 50 1
35 51 16
35 52 12
35 53 425
35 54 42
35 55 12
35 56 156
35 57 868
35 58 333
35 59 65
35 60 25
35 61 894
35 62 72
35 63 164
35 64 431
35 65 32
35 66 160
35 67 961
35 68 694
35 69 101
35 71 108
35 72 602
35 73 19
35 74 808
35 75 20
35 76 377
35 77 219
35 78 107
35 79 351
35 80 153
35 81 38
35 83 277
35 84 861
35 85 420
35 86 518
35 87 427
35 88 1
35 89 2865
35 90 30
35 91 45
35 92 64
35 93 420
35 94 390
35 95 172
35 96 127
35 97 717
35 99 392
35 100 65
35 101 340
35 102 199
35 103 3482
35 104 573
35 105 23
35 106 284
35 107 56
35 108 30
35 110 3
35 111 47
35 112 219
35 113 3
35 114 315
35 115 60
35 116 346
35 117 141
35 118 3
35 119 108
35 120 32
35 121 142
35 122 552
35 123 16
35 124 45
35 125 14
35 126 29
35 127 2
35 128 229
35 129 1633
35 130 196
35 131 7
35 132 313
35 133 121
35 134 118
35 135 847
35 136 535
35 137 54
35 138 67
35 139 100
35 140 56
35 141 24
35 142 2470
35 143 44
35 144 2
35 145 340
35 146 11
35 147 19
35 148 1202
35 149 47
35 151 240
35 152 40
35 153 595
35 154 72
35 155 42
35 156 19
35 157 7
35 159 19
35 160 1394
35 161 18
35 162 26
35 163 207
35 164 378
35 165 108
35 166 4
35 167 5558
35 168 18
35 169 16
35 170 76
35 171 775
35 172 17
35 173 133
35 174 465
35 175 2
35 176 169
35 178 12
35 179 320
35 180 286
35 181 356
35 182 22
35 183 325
35 184 59
35 185 788
35 186 551
35 187 162
35 188 1
35 189 37
35 190 1109
35 191 747
35 192 20
35 193 15
35 194 238
35 195 71
35 196 459
35 197 1125
35 198 233
35 199 48
35 200 6
35 201 21
35 202 1928
35 203 387
35 204 98
35 205 2
35 206 120
35 207 24
35 208 26
35 209 86
35 210 325
35 211 25
35 212 1895
35 213 78
35 214 1295
35 215 93
35 216 1
35 217 18
35 218 1038
35 219 2
35 220 112
35 221 53
35 222 86
35 223 23
35 224 897
35 225 130
35 226 6
35 227 39
35 228 56
35 229 158
35 230 7
35 231 354
35 232 89
35 233 39
35 234 87
35 235 2096
35 236 72
35 237 13
35 238 34
35 239 170
35 240 41
35 241 20
35 242 7
35 244 1627
35 245 173
35 246 7
35 247 11
35 248 74
35 249 18
35 250 25
35 251 150
35 252 153
35 253 1233
35 254 1546
35 255 68
36 0 670
36 1 71
36 2 576
36 3 82
36 4 469
36 5 39
36 7 265
36 8 870
36 9 224
36 10 3606
36 11 2
36 12 284
36 13 28
36 14 157
36 15 19
36 16 68
36 17 191
36 18 9
36 19 382
36 20 506
36 21 314
36 22 370
36 23 251
36 24 497
36 25 202
36 26 1066
36 27 26
36 28 163
36 29 92
36 30 11
36 31 80
36 32 106
36 34 959
36 35 5
36 36 47
36 37 199
36 38 1
36 39 1051
36 40 4
36 41 1
36 42 30
36 43 45
36 44 547
36 45 440
36 47 97
36 48 669
36 49 809
36 50 1356
36 51 1571
36 52 6
36 53 12
36 54 10
36 55 333
36 56 58
36 57 254
36 58 31
36 59 229
36 60 287
36 61 90
36 62 116
36 63 44
36 64 100
36 65 624
36 66 45
36 67 479
36 68 601
36 69 118
36 70 2109
36 72 27
36 73 400
36 74 4393
36 75 817
36 76 126
36 77 17
36 78 2983
36 79 257
36 80 137
36 81 42
36 82 135
36 83 498
36 84 31
36 85 108
36 86 7
36 87 1812
36 88 20
36 89 153
36 92 1041
36 93 451
36 94 56
36 95 9
36 96 19
36 97 18
36 98 1010
36 99 131
36 100 1
36 101 215
36 102 211
36 103 404
36 104 8
36 105 64
36 106 268
36 107 24
36 108 1
36 109 89
36 110 723
36 111 12
36 112 141
36 113 116
36 114 1
36 115 1020
36 117 411
36 118 776
36 119 651
36 120 741
36 121 10
36 122 20
36 123 28
36 124 363
36 125 569
36 126 207
36 127 16
36 128 279
36 129 2006
36 130 4
36 131 13
36 132 15
36 133 61
36 134 206
36 135 181
36 136 181
36 137 23
36 138 241
36 139 19
36 140 50
36 141 56
36 142 885
36 143 105
36 144 50
36 145 133
36 146 26
36 147 379
36 148 287
36 149 117
36 150 7
36 151 85
36 152 817
36 153 2190
36 154 654
36 155 41
36 156 12
36 157 311
36 158 709
36 159 31
36 160 123
36 161 125
36 162 2
36 163 64
36 164 233
36 165 877
36 166 174
36 167 152
36 168 167
36 169 11
36 170 10
36 171 420
36 172 212
36 173 12
36 174 6
36 175 9
36 176 85
36 177 16
36 178 5
36 179 2
36 181 1402
36 182 2
36 183 5
36 184 7
36 185 136
36 186 170
36 187 195
36 188 2911
36 189 10
36 190 7
36 191 346
36 192 309
36 193 89
36 194 204
36 195 545
36 196 151
36 197 1
36 198 478
36 199 205
36 201 273
36 202 96
36 203 707
36 204 45
36 205 102
36 206 27
36 207 755
36 208 66
36 209 17
36 210 20
36 211 237
36 212 104
36 213 175
36 214 471
36 215 2
36 216 19
36 217 76
36 218 32
36 219 302
36 220 93
36 221 637
36 222 692
36 223 13
36 224 177
36 225 158
36 226 180
36 227 1053
36 228 245
36 229 11
36 230 111
36 231 261
36 232 117
36 233 114
36 234 581
36 235 100
36 237 85
36 238 71
36 239 1406
36 240 97
36 241 171
36 242 461
36 243 5
36 244 61
36 245 334
36 246 710
36 247 3
36 248 1628
36 249 6
36 250 86
36 251 654
36 252 122
36 253 391
36 254 115
36 255 228
37 0 3
37 1 235
37 2 347
37 3 146
37 4 60
37 5 130
37 6 125
37 7 102
37 8 254
37 10 5
37 11 300
37 12 36
37 13 68
37 14 680
37 15 598
37 16 611
37 17 31
37 18 23
37 19 323
37 20 24
37 21 1715
37 22 4143
37 23 311
37 24 369
37 25 448
37 26 34
37 27 781
37 28 554
37 29 57
37 30 18
37 31 520
37 32 2749
37 33 1
37 34 203
37 35 375
37 36 137
37 37 25
37 38 27
37 39 648
37 40 56
37 42 31
37 43 534
37 44 20
37 45 34
37 46 6
37 47 2
37 48 1049
37 49 26
37 50 348
37 51 201
37 52 334
37 53 52
37 54 477
37 55 765
37 56 618
37 57 927
37 58 2553
37 59 88
37 60 422
37 61 553
37 62 399
37 63 52
37 64 634
37 65 691
37 66 250
37 67 620
37 68 81
37 69 131
37 70 96
37 71 201
37 72 511
37 73 91
37 74 283
37 75 128
37 76 97
37 77 146
37 78 1048
37 80 454
37 81 75
37 82 103
37 83 36
37 84 317
37 85 46
37 86 241
37 87 38
37 88 444
37 89 1049
37 90 727
37 91 22
37 92 349
37 93 184
37 94 174
37 95 253
37 96 263
37 97 31
37 98 42
37 99 559
37 100 579
37 101 606
37 102 89
37 103 3357
37 104 723
37 105 681
37 106 40
37 107 74
37 108 106
37 109 156
37 110 156
37 111 123
37 112 4
37 113 694
37 114 29
37 115 297
37 116 71
37 117 93
37 118 23
37 119 113
37 120 87
37 121 53
37 122 181
37 123 211
37 124 3878
37 125 62
37 126 642
37 127 244
37 128 8
37 129 162
37 130 115
37 131 29
37 132 203
37 133 108
37 134 2211
37 135 641
37 136 4
37 137 93
37 138 266
37 139 5
37 140 16
37 141 76
37 143 956
37 144 309
37 145 957
37 146 3
37 147 1259
37 148 24
37 149 46
37 150 3
37 151 94
37 152 279
37 153 738
37 156 261
37 157 18
37 158 220
37 159 58
37 160 246
37 161 697
37 162 1024
37 163 1008
37 164 310
37 165 459
37 166 58
37 168 7
37 169 450
37 170 188
37 171 185
37 172 12
37 173 180
37 174 74
37 175 742
37 176 103
37 177 178
37 178 42
37 179 43
37 180 182
37 181 158
37 182 626
37 183 3
37 184 98
37 185 90
37 186 110
37 187 1
37 189 12
37 190 659
37 191 4
37 192 105
37 193 373
37 194 181
37 195 27
37 196 516
37 197 3
37 198 131
37 199 1282
37 200 241
37 201 36
37 202 102
37 203 1
37 204 65
37 205 241
37 206 263
37 207 282
37 208 840
37 209 997
37 210 5
37 211 48
37 212 176
37 213 590
37 214 428
37 215 76
37 217 10
37 218 144
37 219 810
37 220 331
37 221 63
37 224 169
37 225 19
37 226 178
37 227 83
37 228 4
37 229 782
37 230 34
37 231 19
37 232 157
37 233 75
37 234 384
37 235 15
37 236 7
37 237 233
37 238 1955
37 239 128
37 240 199
37 241 30
37 242 97
37 243 96
37 244 283
37 245 137
37 246 25
37 247 63
37 248 135
37 249 6
37 250 128
37 252 26
37 253 1
37 254 63
37 255 57
