0 0 1286
0 1 173
0 2 576
0 3 341
0 4 642
0 5 10
0 6 1088
0 7 221
0 8 3
0 9 1373
0 10 471
0 11 138
0 12 1634
0 13 1036
0 14 409
0 15 360
0 16 22
0 17 266
0 18 603
0 20 2105
0 21 930
0 22 201
0 23 689
0 24 2096
0 25 111
0 26 2
0 27 9
0 28 962
0 29 500
0 30 358
0 31 27
0 32 499
0 33 570
0 34 622
0 35 15
0 36 242
0 37 118
0 38 1005
0 39 2602
0 40 154
0 41 1657
0 42 154
0 43 36
0 44 1276
0 45 21
0 46 141
0 47 1032
0 48 197
0 49 30
0 50 84
0 51 1024
0 53 592
0 54 56
0 55 1290
0 56 357
0 57 13
0 58 10
0 59 188
0 60 601
0 61 312
0 62 591
0 63 1143
0 64 4183
0 65 748
0 66 574
0 67 2585
0 68 181
0 69 737
0 70 317
0 71 13
0 72 366
0 73 34
0 74 70
0 75 1468
0 76 15
0 77 3254
0 78 199
0 79 165
0 80 422
0 81 1381
0 82 5456
0 83 762
0 84 410
0 85 73
0 86 2153
0 87 607
0 89 38
0 90 736
0 91 2820
0 92 259
0 93 405
0 94 1276
0 95 285
0 96 490
0 97 33
0 98 431
0 99 855
0 100 511
0 101 658
0 102 331
0 103 1391
0 104 2
0 105 431
0 106 6
0 107 5
0 108 457
0 110 24
0 111 285
0 112 608
0 113 448
0 114 28
0 115 224
0 116 437
0 117 91
0 118 2380
0 119 2
0 120 313
0 121 2
0 122 2166
0 123 1
0 124 777
0 125 398
0 126 562
0 127 3
1 0 1314
1 2 470
1 3 593
1 4 193
1 5 704
1 6 385
1 7 338
1 8 1144
1 9 488
1 10 27
1 11 698
1 12 116
1 13 1837
1 14 997
1 15 1367
1 16 921
1 17 475
1 18 137
1 19 1047
1 20 560
1 21 76
1 22 506
1 23 1406
1 24 372
1 25 486
1 26 278
1 28 870
1 29 1003
1 30 1903
1 31 108
1 32 296
1 33 306
1 34 435
1 35 1005
1 36 289
1 37 805
1 38 564
1 39 1123
1 40 575
1 41 761
1 42 534
1 44 258
1 45 964
1 46 435
1 47 466
1 48 40
1 49 278
1 50 122
1 51 544
1 52 430
1 53 2460
1 54 191
1 55 1391
1 56 155
1 57 817
1 58 420
1 59 96
1 60 688
1 61 1168
1 62 605
1 63 455
1 64 379
1 65 7
1 66 621
1 67 1871
1 68 510
1 69 381
1 70 1542
1 71 209
1 72 67
1 73 715
1 74 846
1 75 213
1 76 465
1 77 637
1 78 635
1 79 1750
1 80 90
1 81 247
1 82 1123
1 83 636
1 84 220
1 85 545
1 86 220
1 87 17
1 88 572
1 89 335
1 90 255
1 91 1428
1 92 368
1 93 910
1 94 783
1 95 143
1 96 4198
1 97 160
1 98 884
1 99 1190
1 100 95
1 101 223
1 102 367
1 103 716
1 104 592
1 105 1006
1 106 1073
1 107 980
1 108 406
1 109 799
1 110 23
1 111 723
1 112 120
1 113 658
1 114 3085
1 115 703
1 116 705
1 117 305
1 118 226
1 119 336
1 120 76
1 121 209
1 122 332
1 123 838
1 124 183
1 125 583
1 126 470
1 127 1117
2 0 565
2 1 359
2 2 232
2 3 345
2 4 1691
2 5 401
2 6 278
2 7 120
2 8 1501
2 9 682
2 10 179
2 11 47
2 12 262
2 13 258
2 14 247
2 15 857
2 16 1277
2 17 123
2 18 16
2 19 1705
2 20 636
2 21 53
2 22 130
2 23 309
2 24 547
2 25 12
2 26 23
2 27 408
2 28 1984
2 29 1
2 30 368
2 31 26
2 32 6
2 33 168
2 34 300
2 35 369
2 36 89
2 37 22
2 38 632
2 39 2
2 40 1243
2 41 420
2 42 1025
2 43 686
2 44 778
2 45 14
2 46 1867
2 47 88
2 48 42
2 49 676
2 50 2878
2 51 318
2 52 394
2 53 356
2 54 1731
2 55 221
2 56 4
2 57 56
2 58 375
2 59 795
2 60 278
2 61 285
2 62 1360
2 63 158
2 64 528
2 65 208
2 66 873
2 67 490
2 68 885
2 69 1034
2 70 1468
2 71 48
2 72 152
2 73 2526
2 74 491
2 75 1308
2 76 615
2 77 405
2 78 2037
2 79 1
2 80 639
2 81 125
2 82 45
2 83 630
2 84 58
2 85 241
2 86 348
2 87 55
2 88 740
2 89 236
2 90 428
2 91 962
2 92 18
2 93 1555
2 94 7714
2 95 1177
2 96 74
2 97 487
2 98 65
2 99 1528
2 100 381
2 101 450
2 102 11
2 103 266
2 104 252
2 105 1021
2 106 2060
2 107 255
2 108 362
2 109 74
2 110 22
2 111 68
2 112 115
2 113 1333
2 114 534
2 115 1148
2 116 463
2 117 597
2 118 649
2 119 1428
2 120 1517
2 121 2177
2 122 257
2 123 84
2 124 142
2 125 1169
2 126 944
2 127 365
3 0 108
3 1 1026
3 2 296
3 3 188
3 4 1188
3 5 120
3 6 1190
3 7 749
3 8 976
3 9 568
3 10 501
3 11 1612
3 12 411
3 13 1474
3 14 1661
3 15 1141
3 16 249
3 17 815
3 18 258
3 19 14
3 20 252
3 21 463
3 22 487
3 23 156
3 24 587
3 25 37
3 26 488
3 27 113
3 28 126
3 29 1053
3 30 126
3 31 675
3 32 226
3 33 278
3 34 1132
3 35 27
3 36 679
3 37 1556
3 38 1958
3 39 222
3 40 968
3 41 581
3 42 2036
3 43 84
3 44 706
3 45 20
3 46 180
3 47 177
3 48 245
3 49 1501
3 50 103
3 51 86
3 52 730
3 53 167
3 54 700
3 55 438
3 56 806
3 57 313
3 58 2331
3 59 732
3 60 1603
3 61 347
3 62 1554
3 63 480
3 64 2055
3 65 497
3 66 104
3 67 162
3 68 80
3 69 37
3 70 230
3 71 94
3 72 762
3 73 475
3 74 51
3 75 1218
3 76 300
3 77 1739
3 78 995
3 79 1685
3 80 165
3 81 32
3 82 382
3 83 295
3 84 151
3 85 373
3 86 1
3 87 143
3 88 2012
3 89 572
3 90 1116
3 91 464
3 92 356
3 93 333
3 94 164
3 95 252
3 96 415
3 97 620
3 98 354
3 99 334
3 100 659
3 101 241
3 102 897
3 103 161
3 104 151
3 105 489
3 106 1077
3 107 567
3 108 745
3 109 257
3 110 327
3 111 40
3 112 1039
3 113 529
3 114 231
3 115 5169
3 116 2005
3 117 191
3 118 663
3 119 124
3 120 1249
3 121 1077
3 122 1210
3 123 264
3 124 483
3 125 180
3 126 397
3 127 102
4 0 131
4 1 1110
4 2 4
4 3 31
4 4 91
4 5 557
4 6 168
4 7 1225
4 8 21
4 9 177
4 10 183
4 11 822
4 12 4
4 13 105
4 14 38
4 15 463
4 16 1
4 17 1846
4 18 424
4 19 19
4 20 135
4 21 3955
4 22 432
4 23 410
4 24 92
4 25 483
4 26 109
4 27 946
4 28 3801
4 29 2710
4 30 33
4 31 32
4 32 9541
4 33 374
4 34 494
4 35 755
4 36 318
4 37 895
4 38 160
4 39 533
4 40 1212
4 41 492
4 42 441
4 43 45
4 44 95
4 45 97
4 46 107
4 47 1176
4 48 612
4 49 73
4 50 73
4 51 498
4 52 2922
4 53 2
4 54 229
4 55 223
4 56 392
4 57 91
4 58 21
4 59 157
4 60 781
4 61 11
4 62 650
4 63 25
4 64 336
4 65 66
4 66 105
4 67 36
4 68 1419
4 69 1863
4 70 821
4 71 1162
4 72 201
4 73 787
4 74 619
4 75 862
4 76 1136
4 77 1501
4 78 924
4 79 667
4 80 79
4 81 153
4 82 112
4 83 46
4 84 287
4 85 859
4 86 454
4 87 1794
4 88 44
4 89 44
4 90 274
4 91 190
4 92 2544
4 93 325
4 95 39
4 96 27
4 97 141
4 98 110
4 99 721
4 100 109
4 101 264
4 102 597
4 103 192
4 104 223
4 105 277
4 106 399
4 107 571
4 108 551
4 109 81
4 110 54
4 111 392
4 112 76
4 113 125
4 114 51
4 115 1102
4 116 2254
4 117 140
4 118 220
4 119 2982
4 120 2354
4 121 80
4 122 266
4 123 2
4 124 74
4 125 1931
4 126 1419
4 127 29
5 0 572
5 1 799
5 2 1817
5 3 618
5 5 302
5 6 12
5 7 373
5 8 382
5 9 240
5 10 426
5 11 1069
5 12 487
5 13 3234
5 14 70
5 15 11
5 16 1568
5 17 1131
5 18 385
5 19 69
5 20 168
5 21 242
5 22 2733
5 23 1615
5 24 894
5 25 75
5 26 801
5 27 8
5 28 588
5 29 9
5 30 555
5 31 72
5 32 41
5 33 1746
5 34 1703
5 35 129
5 36 47
5 37 3776
5 38 516
5 39 252
5 40 76
5 41 200
5 42 366
5 43 340
5 44 36
5 45 62
5 46 15
5 47 196
5 48 1267
5 49 1684
5 50 115
5 51 23
5 52 426
5 53 57
5 54 962
5 55 448
5 56 3844
5 57 413
5 58 1145
5 59 875
5 60 669
5 61 232
5 62 269
5 63 681
5 64 1886
5 65 21
5 66 527
5 67 611
5 68 148
5 69 212
5 70 448
5 71 468
5 73 4918
5 74 539
5 75 193
5 76 58
5 77 8
5 78 2617
5 79 93
5 80 64
5 81 79
5 82 915
5 83 424
5 84 86
5 85 268
5 86 786
5 87 738
5 88 589
5 89 712
5 90 693
5 91 71
5 92 1723
5 93 228
5 94 220
5 95 21
5 96 1553
5 97 394
5 98 530
5 99 48
5 100 119
5 101 37
5 102 1269
5 103 87
5 104 56
5 105 226
5 106 104
5 107 336
5 108 759
5 109 107
5 110 117
5 111 325
5 112 2
5 113 104
5 114 44
5 115 633
5 116 2721
5 117 866
5 118 21
5 119 1463
5 120 25
5 121 274
5 122 677
5 123 1041
5 124 487
5 125 44
5 126 287
5 127 2560
6 0 40
6 1 29
6 2 8
6 3 35
6 4 128
6 5 673
6 6 1
6 7 65
6 8 506
6 9 642
6 10 467
6 11 96
6 12 450
6 13 8055
6 14 471
6 15 1
6 16 29
6 17 1
6 18 3
6 19 120
6 20 12
6 21 1047
6 22 8
6 23 45
6 24 557
6 25 7
6 26 438
6 27 1020
6 28 43
6 29 13
6 30 358
6 31 521
6 32 185
6 33 7
6 34 2755
6 35 31
6 36 2010
6 37 233
6 38 2659
6 39 93
6 40 111
6 41 17
6 42 1271
6 43 34
6 44 139
6 45 3
6 46 241
6 47 1969
6 48 219
6 49 5
6 50 2664
6 51 472
6 52 222
6 53 982
6 54 121
6 55 2236
6 56 69
6 57 507
6 58 15
6 59 258
6 60 190
6 61 116
6 62 8
6 63 26
6 64 441
6 65 39
6 66 172
6 67 97
6 68 1184
6 69 2642
6 70 1555
6 71 382
6 72 48
6 73 16
6 74 231
6 75 3389
6 76 870
6 77 211
6 78 647
6 79 599
6 80 1533
6 81 116
6 82 1
6 83 92
6 84 7
6 85 430
6 86 3031
6 87 1250
6 88 2122
6 89 165
6 90 98
6 91 219
6 92 4
6 93 19
6 94 42
6 95 2
6 96 96
6 97 54
6 98 397
6 99 71
6 100 486
6 101 18
6 102 1376
6 103 1717
6 104 356
6 105 580
6 106 83
6 107 5967
6 108 342
6 109 78
6 110 2909
6 111 26
6 112 3
6 113 2377
6 114 16
6 115 131
6 116 9
6 117 52
6 119 44
6 120 128
6 121 2
6 122 6490
6 123 129
6 124 171
6 125 11
6 126 13
6 127 73
7 0 2011
7 1 32
7 2 742
7 3 740
7 4 12
7 5 569
7 6 943
7 7 1602
7 8 238
7 9 1244
7 10 372
7 11 7
7 12 79
7 13 2
7 14 2081
7 15 3
7 16 5
7 17 45
7 18 271
7 19 108
7 20 1036
7 21 243
7 22 200
7 23 370
7 24 8655
7 25 910
7 26 6989
7 27 123
7 28 214
7 30 1274
7 31 77
7 32 231
7 33 6
7 34 307
7 35 333
7 36 599
7 37 24
7 38 3
7 39 221
7 40 88
7 41 71
7 42 71
7 43 1287
7 44 35
7 45 2530
7 46 81
7 47 27
7 48 1167
7 49 243
7 50 150
7 51 1560
7 52 17
7 53 16
7 54 262
7 55 1329
7 56 3359
7 57 452
7 58 116
7 59 1079
7 60 2729
7 61 318
7 62 507
7 63 24
7 64 46
7 65 26
7 66 60
7 67 57
7 69 191
7 70 22
7 71 523
7 72 812
7 73 811
7 74 32
7 75 450
7 76 38
7 77 1
7 78 548
7 79 3
7 80 25
7 81 243
7 82 57
7 83 23
7 84 12
7 85 324
7 86 105
7 87 622
7 88 65
7 89 8
7 90 814
7 91 11
7 92 1328
7 93 1616
7 94 57
7 95 1596
7 96 1249
7 97 174
7 98 743
7 99 13
7 100 61
7 101 611
7 102 85
7 103 1941
7 104 790
7 105 599
7 106 252
7 107 366
7 108 6
7 109 681
7 110 3116
7 111 400
7 112 1347
7 113 63
7 114 9
7 115 135
7 116 1
7 117 4294
7 118 134
7 119 330
7 120 246
7 121 1836
7 122 270
7 123 620
7 124 233
7 125 12
7 126 9
7 127 25
8 0 585
8 1 135
8 2 179
8 3 25
8 4 1004
8 5 3131
8 6 1029
8 7 265
8 8 961
8 9 373
8 10 401
8 11 142
8 12 15
8 13 1496
8 14 2186
8 15 437
8 16 813
8 17 141
8 18 1590
8 19 223
8 20 486
8 21 142
8 22 4703
8 23 3
8 24 1550
8 25 36
8 26 10
8 27 541
8 28 349
8 29 19
8 30 25
8 31 1428
8 32 69
8 33 2198
8 34 302
8 35 29
8 36 3343
8 37 881
8 38 754
8 39 122
8 40 2
8 41 4463
8 42 552
8 43 1213
8 44 130
8 45 157
8 46 2675
8 47 192
8 48 8
8 49 347
8 50 61
8 51 418
8 52 110
8 53 4039
8 54 6
8 55 56
8 56 218
8 57 2075
8 58 26
8 59 43
8 60 393
8 61 35
8 62 19
8 63 2080
8 64 1974
8 65 625
8 66 449
8 67 176
8 68 3
8 69 81
8 70 185
8 71 283
8 72 1347
8 73 5
8 74 14
8 76 77
8 78 7
8 79 226
8 80 107
8 81 619
8 82 212
8 83 15
8 84 218
8 85 9
8 86 243
8 87 478
8 88 1329
8 89 148
8 90 51
8 91 2
8 92 90
8 93 122
8 94 833
8 95 2332
8 96 697
8 97 868
8 98 202
8 99 269
8 100 52
8 102 126
8 103 2373
8 104 163
8 105 190
8 106 756
8 107 51
8 108 12
8 109 124
8 110 100
8 111 1084
8 112 19
8 113 120
8 114 2517
8 115 347
8 116 888
8 117 325
8 118 47
8 119 2151
8 120 917
8 122 428
8 123 172
8 124 53
8 125 103
8 126 48
8 127 2715
9 0 8621
9 1 1120
9 2 442
9 3 109
9 4 25
9 5 149
9 6 32
9 7 86
9 8 100
9 9 270
9 10 547
9 11 25
9 12 14
9 13 353
9 14 16
9 15 445
9 16 44
9 17 16
9 18 1
9 19 1123
9 20 2389
9 21 5
9 22 1863
9 23 1
9 24 339
9 25 688
9 26 85
9 27 68
9 28 13
9 29 271
9 30 289
9 31 455
9 32 49
9 33 3936
9 34 31
9 35 1954
9 36 1189
9 37 41
9 38 51
9 39 16
9 40 167
9 41 485
9 42 610
9 43 418
9 44 73
9 45 374
9 46 4
9 47 601
9 48 521
9 49 2667
9 50 1984
9 51 91
9 52 696
9 53 9
9 54 2538
9 55 439
9 56 281
9 57 216
9 58 36
9 59 1074
9 60 113
9 61 1663
9 62 307
9 64 24
9 65 727
9 66 14
9 67 78
9 68 91
9 69 296
9 70 278
9 71 69
9 72 67
9 73 21
9 74 89
9 75 3
9 76 186
9 77 1124
9 78 528
9 79 5828
9 80 109
9 81 88
9 82 7121
9 83 281
9 84 288
9 85 1267
9 86 135
9 87 83
9 88 379
9 89 62
9 90 1511
9 91 233
9 92 120
9 93 1217
9 94 547
9 95 745
9 96 441
9 97 137
9 98 765
9 99 1
9 100 5
9 101 805
9 102 237
9 103 103
9 104 1324
9 105 511
9 106 473
9 107 22
9 108 1071
9 109 1040
9 110 241
9 111 299
9 112 498
9 113 2278
9 114 311
9 115 22
9 116 9
9 117 960
9 118 551
9 119 240
9 120 32
9 121 745
9 122 27
9 123 39
9 124 13
9 125 21
9 126 54
9 127 2094
10 0 251
10 1 291
10 2 1027
10 3 2438
10 4 181
10 5 42
10 6 1
10 7 443
10 8 17
10 10 367
10 11 254
10 12 15
10 13 115
10 14 370
10 15 696
10 16 1737
10 17 88
10 18 41
10 20 13
10 21 418
10 22 7
10 23 2
10 24 49
10 25 269
10 26 3062
10 28 111
10 29 42
10 30 870
10 31 382
10 32 41
10 33 407
10 34 205
10 35 279
10 36 67
10 37 135
10 38 80
10 39 275
10 40 3957
10 41 580
10 42 4
10 43 464
10 44 9
10 45 688
10 46 93
10 47 3826
10 48 18
10 49 340
10 50 5
10 51 1545
10 52 1873
10 53 600
10 54 51
10 55 1077
10 56 23
10 57 1502
10 58 36
10 59 307
10 60 1171
10 61 38
10 62 340
10 63 7
10 64 393
10 65 63
10 66 134
10 67 58
10 68 30
10 69 3883
10 70 1149
10 71 5495
10 72 517
10 73 2236
10 74 571
10 75 1004
10 76 199
10 77 1108
10 78 94
10 79 18
10 80 2696
10 81 96
10 82 314
10 83 346
10 84 15
10 85 45
10 86 1150
10 87 35
10 88 1361
10 89 1452
10 90 433
10 91 207
10 92 43
10 93 89
10 94 2142
10 95 74
10 96 12
10 97 96
10 98 563
10 99 40
10 100 304
10 101 563
10 102 243
10 103 3
10 104 4917
10 105 67
10 106 55
10 107 1025
10 108 331
10 109 1253
10 110 498
10 111 941
10 112 1146
10 113 529
10 114 8
10 116 6
10 117 1
10 118 342
10 119 1731
10 120 2402
10 121 13
10 122 99
10 123 794
10 124 583
10 125 770
10 126 1179
10 127 10
11 0 926
11 1 31
11 2 1
11 3 2114
11 4 5
11 5 98
11 6 45
11 7 62
11 8 311
11 10 3
11 11 73
11 12 30
11 13 37
11 14 1571
11 15 9
11 16 238
11 17 182
11 18 24
11 19 442
11 20 8944
11 22 8
11 23 16
11 24 61
11 25 6652
11 26 2424
11 27 513
11 28 654
11 29 712
11 30 8478
11 31 17
11 33 9256
11 34 16
11 35 41
11 36 2
11 37 1166
11 38 92
11 39 119
11 40 4
11 41 8
11 42 7
11 43 1
11 44 49
11 45 3
11 46 25
11 47 11
11 48 3033
11 49 189
11 50 341
11 51 153
11 52 70
11 53 459
11 54 664
11 55 584
11 56 515
11 58 1104
11 59 8984
11 60 80
11 61 2
11 62 16
11 63 724
11 64 147
11 65 50
11 67 66
11 68 96
11 69 223
11 70 258
11 71 921
11 73 761
11 74 430
11 75 21
11 76 1
11 77 70
11 78 681
11 79 680
11 80 6
11 81 1014
11 82 429
11 83 1117
11 84 40
11 85 64
11 86 422
11 87 272
11 88 321
11 89 151
11 90 16
11 91 3
11 92 1424
11 93 520
11 94 368
11 96 16
11 97 3
11 98 258
11 99 365
11 100 174
11 101 813
11 102 66
11 103 3724
11 104 15
11 105 29
11 106 211
11 107 1234
11 108 28
11 109 64
11 110 8
11 111 441
11 112 39
11 113 6
11 114 174
11 115 25
11 116 266
11 117 20
11 118 6
11 119 50
11 120 12
11 121 26
11 122 201
11 124 100
11 125 157
11 126 89
11 127 25
12 0 120
12 1 373
12 2 67
12 4 134
12 5 1
12 6 86
12 7 358
12 8 159
12 9 7615
12 10 140
12 11 37
12 12 107
12 13 15
12 14 57
12 15 57
12 16 5667
12 17 16
12 18 124
12 19 222
12 20 4
12 21 1148
12 22 2221
12 24 1985
12 26 197
12 27 103
12 28 170
12 29 91
12 30 10
12 31 204
12 32 2191
12 33 3
12 34 56
12 35 311
12 36 457
12 37 410
12 38 141
12 39 1
12 40 6
12 41 717
12 42 2353
12 43 376
12 44 38
12 45 37
12 46 861
12 47 26
12 48 21
12 49 4
12 50 392
12 51 21
12 52 9515
12 53 247
12 54 50
12 56 241
12 57 48
12 58 76
12 59 13
12 60 105
12 61 76
12 62 71
12 63 89
12 64 86
12 65 570
12 66 3
12 67 5
12 68 5
12 69 1327
12 70 591
12 71 3976
12 72 4
12 73 3206
12 74 16
12 75 381
12 76 4405
12 77 22
12 78 465
12 79 53
12 80 349
12 81 223
12 82 3077
12 83 458
12 84 42
12 85 4285
12 86 314
12 87 137
12 89 1817
12 90 154
12 91 42
12 92 186
12 93 12
12 94 972
12 95 116
12 96 187
12 97 1372
12 98 4
12 99 119
12 100 317
12 102 13
12 103 581
12 104 100
12 105 11
12 106 3
12 107 1454
12 108 480
12 109 158
12 110 150
12 111 44
12 112 1852
12 114 126
12 115 257
12 116 209
12 117 265
12 118 2809
12 119 22
12 120 12
12 121 276
12 122 5
12 123 1027
12 124 231
12 125 728
12 126 965
12 127 99
13 0 801
13 1 1116
13 2 59
13 4 128
13 5 190
13 6 804
13 7 429
13 8 12
13 9 3
13 10 857
13 12 28
13 14 85
13 15 15
13 16 25
13 17 228
13 18 17
13 19 637
13 20 259
13 22 59
13 23 1
13 24 1083
13 25 124
13 26 5320
13 27 1
13 28 169
13 29 3318
13 30 173
13 32 8
13 33 11
13 34 74
13 35 8
13 36 1066
13 37 369
13 38 45
13 39 985
13 40 715
13 41 1134
13 42 172
13 43 51
13 44 28
13 45 363
13 46 8
13 47 1590
13 49 1983
13 50 39
13 51 1766
13 52 1252
13 53 22
13 55 70
13 56 286
13 58 577
13 59 289
13 60 1370
13 61 4354
13 62 2
13 64 17
13 65 46
13 66 94
13 67 2
13 68 46
13 69 48
13 70 579
13 71 8308
13 73 942
13 74 132
13 75 34
13 76 115
13 77 7479
13 78 1387
13 79 3892
13 80 1320
13 81 1529
13 82 1172
13 83 874
13 84 25
13 85 8
13 87 28
13 88 1287
13 89 62
13 90 523
13 91 6544
13 92 2278
13 93 56
13 94 94
13 95 290
13 96 305
13 97 41
13 98 87
13 100 62
13 101 16
13 102 1850
13 103 453
13 104 113
13 105 37
13 106 2
13 107 24
13 108 1450
13 109 5
13 110 356
13 112 646
13 113 46
13 114 138
13 115 160
13 116 362
13 118 3
13 119 77
13 120 43
13 121 40
13 122 998
13 124 476
13 125 1
13 126 35
13 127 1
14 0 50
14 1 1276
14 2 2
14 3 4
14 4 8268
14 5 62
14 6 1575
14 7 148
14 8 1035
14 9 769
14 10 2131
14 11 1
14 12 605
14 13 43
14 14 229
14 15 124
14 16 37
14 17 177
14 18 175
14 19 8
14 20 590
14 21 33
14 22 3119
14 23 37
14 24 249
14 25 208
14 26 956
14 27 123
14 28 32
14 29 2
14 31 31
14 32 292
14 33 5204
14 34 298
14 35 34
14 36 5
14 37 210
14 38 355
14 39 7
14 40 3
14 41 223
14 42 1422
14 43 138
14 44 13
14 45 8
14 46 21
14 47 1862
14 48 25
14 49 536
14 50 5
14 51 10
14 52 89
14 53 153
14 54 920
14 55 9581
14 56 45
14 57 450
14 58 13
14 59 39
14 61 291
14 62 976
14 63 1
14 64 389
14 65 24
14 66 3
14 67 1
14 68 192
14 69 26
14 71 726
14 72 8
14 74 182
14 75 741
14 76 409
14 77 6
14 78 63
14 79 235
14 80 222
14 81 6435
14 82 2516
14 83 2
14 84 522
14 85 563
14 86 1816
14 87 36
14 88 1180
14 90 254
14 92 4857
14 93 1209
14 94 1138
14 95 93
14 96 80
14 97 232
14 98 1
14 99 387
14 100 617
14 101 1831
14 102 644
14 104 3
14 105 64
14 106 11
14 107 421
14 108 98
14 109 13
14 110 4402
14 111 377
14 112 74
14 113 4
14 114 128
14 115 126
14 116 2
14 117 312
14 118 11
14 120 1085
14 121 10
14 122 103
14 124 686
14 125 714
14 126 3
14 127 1
15 0 3269
15 1 50
15 2 3620
15 3 16
15 4 3
15 5 15
15 6 65
15 7 424
15 8 986
15 9 73
15 10 478
15 11 193
15 12 151
15 13 4
15 14 37
15 15 99
15 16 75
15 18 163
15 19 8
15 20 22
15 21 1
15 22 237
15 23 340
15 25 4551
15 27 18
15 28 1418
15 29 75
15 30 11
15 31 10049
15 32 688
15 33 298
15 34 463
15 35 167
15 36 3
15 37 89
15 38 2962
15 39 6
15 40 39
15 41 2357
15 42 142
15 43 1770
15 46 1998
15 47 286
15 49 1402
15 50 12
15 51 1116
15 52 4175
15 53 29
15 54 332
15 55 184
15 56 1113
15 57 60
15 58 4
15 59 2
15 60 26
15 61 1557
15 62 25
15 63 13
15 64 38
15 65 135
15 66 3295
15 67 42
15 68 1202
15 69 1399
15 70 7
15 71 120
15 72 247
15 73 20
15 74 155
15 75 334
15 76 583
15 77 2712
15 78 44
15 79 5
15 80 427
15 81 201
15 82 13
15 83 1
15 84 86
15 85 458
15 86 26
15 87 7109
15 88 70
15 89 1189
15 90 623
15 91 1947
15 93 2346
15 94 153
15 95 821
15 96 26
15 97 384
15 98 314
15 99 22
15 100 1061
15 101 77
15 102 391
15 103 1
15 104 12
15 105 65
15 106 435
15 107 7
15 108 17
15 109 41
15 110 39
15 112 407
15 113 408
15 114 56
15 115 160
15 116 11
15 117 70
15 118 15
15 119 879
15 120 295
15 121 129
15 122 163
15 123 1836
15 124 1
15 125 314
15 126 61
15 127 342
16 0 8
16 1 282
16 2 59
16 3 41
16 4 337
16 5 1252
16 6 571
16 7 1128
16 8 655
16 9 43
16 10 38
16 11 181
16 12 34
16 13 82
16 14 9
16 15 29
16 16 163
16 17 337
16 18 4168
16 19 12
16 20 76
16 21 1581
16 22 61
16 23 1100
16 24 59
16 25 848
16 26 140
16 27 129
16 28 658
16 29 600
16 30 35
16 31 326
16 32 118
16 33 993
16 35 3122
16 36 662
16 37 228
16 38 52
16 39 1305
16 40 498
16 41 19
16 42 307
16 43 291
16 44 738
16 45 851
16 46 114
16 47 989
16 48 477
16 49 49
16 50 2845
16 51 396
16 52 24
16 53 18
16 54 309
16 55 65
16 56 196
16 57 85
16 58 82
16 59 707
16 60 206
16 61 27
16 62 53
16 63 11
16 64 17
16 65 7737
16 66 106
16 67 3125
16 68 910
16 69 26
16 70 12
16 71 7
16 72 85
16 73 122
16 74 36
16 75 529
16 76 2580
16 77 83
16 78 90
16 79 362
16 80 327
16 81 2771
16 82 28
16 83 1359
16 84 1076
16 85 30
16 86 721
16 88 353
16 89 1685
16 90 17
16 91 60
16 92 6
16 93 29
16 94 502
16 95 11
16 96 869
16 97 32
16 98 137
16 99 470
16 100 3212
16 101 402
16 102 163
16 103 1175
16 104 303
16 105 222
16 106 43
16 107 15
16 108 147
16 109 2033
16 110 1456
16 111 863
16 113 175
16 114 647
16 115 9279
16 116 230
16 117 107
16 118 71
16 119 114
16 120 26
16 121 130
16 122 2
16 123 1764
16 124 510
16 125 34
16 126 986
16 127 318
17 0 1
17 1 1871
17 2 462
17 3 294
17 4 484
17 5 382
17 6 2348
17 8 469
17 9 371
17 10 60
17 11 947
17 12 563
17 13 26
17 14 164
17 15 181
17 16 558
17 17 455
17 18 8667
17 19 340
17 20 151
17 21 571
17 22 13
17 23 303
17 24 1280
17 25 14
17 26 1986
17 27 1853
17 28 19
17 29 726
17 30 582
17 31 1465
17 32 266
17 33 1067
17 34 27
17 35 23
17 38 754
17 39 107
17 40 1
17 41 361
17 42 45
17 43 473
17 44 4
17 45 2306
17 46 317
17 47 337
17 48 10
17 49 1728
17 50 361
17 51 160
17 52 12
17 53 227
17 54 320
17 55 169
17 56 108
17 57 167
17 58 568
17 59 350
17 60 1006
17 61 1600
17 62 297
17 63 63
17 64 1115
17 65 1602
17 66 597
17 67 28
17 68 1790
17 69 369
17 70 1092
17 71 3111
17 72 64
17 73 1033
17 74 7
17 75 277
17 76 449
17 77 55
17 78 84
17 79 72
17 80 4915
17 81 1035
17 82 1054
17 83 1053
17 84 704
17 85 34
17 86 2806
17 87 161
17 88 39
17 89 135
17 90 1
17 91 168
17 92 111
17 93 96
17 94 41
17 95 49
17 96 192
17 97 4
17 98 2
17 99 1577
17 100 47
17 101 3995
17 102 809
17 103 282
17 104 270
17 105 761
17 106 405
17 107 505
17 108 36
17 109 387
17 110 793
17 111 84
17 112 940
17 113 232
17 114 56
17 115 1160
17 116 554
17 117 1512
17 118 547
17 119 114
17 120 124
17 121 401
17 123 47
17 124 7
17 125 39
17 126 518
17 127 229
18 0 12
18 1 63
18 2 9
18 3 358
18 4 333
18 5 45
18 6 4
18 7 38
18 8 2839
18 9 137
18 10 8
18 11 900
18 12 17
18 13 8758
18 14 221
18 15 8
18 16 31
18 17 318
18 18 4
18 19 47
18 20 116
18 21 656
18 22 9
18 23 101
18 24 1662
18 25 47
18 26 887
18 27 2264
18 28 81
18 29 13
18 30 248
18 31 336
18 32 86
18 33 1
18 34 2278
18 35 83
18 36 190
18 37 132
18 38 1007
18 39 45
18 40 156
18 41 19
18 42 193
18 43 190
18 44 617
18 45 2
18 46 47
18 47 728
18 48 113
18 49 3
18 50 2138
18 51 562
18 52 161
18 53 7
18 54 355
18 55 1506
18 56 45
18 57 588
18 58 52
18 59 349
18 60 128
18 61 224
18 62 9
18 63 98
18 64 225
18 65 171
18 66 81
18 67 32
18 68 1096
18 69 2407
18 70 2322
18 71 342
18 72 30
18 73 35
18 74 46
18 75 4494
18 76 1145
18 77 475
18 78 577
18 79 172
18 80 1355
18 81 282
18 82 5
18 83 165
18 84 26
18 85 42
18 86 1678
18 87 5112
18 88 1287
18 89 989
18 90 18
18 91 309
18 92 2
18 93 14
18 94 33
18 95 5
18 96 82
18 97 186
18 98 482
18 99 184
18 100 421
18 101 38
18 102 1016
18 103 292
18 104 277
18 105 5
18 106 51
18 107 7395
18 108 19
18 109 62
18 110 1337
18 111 5
18 113 2112
18 114 47
18 115 293
18 116 199
18 117 43
18 118 228
18 119 77
18 120 57
18 121 13
18 122 8375
18 123 2
18 124 382
18 125 80
18 126 156
18 127 46
19 0 1685
19 1 37
19 2 264
19 3 790
19 4 12
19 5 475
19 6 65
19 7 825
19 8 1609
19 9 1726
19 10 106
19 11 7
19 12 182
19 13 7
19 14 1152
19 15 1
19 17 90
19 18 231
19 19 97
19 20 383
19 21 131
19 22 56
19 23 342
19 24 9765
19 25 443
19 26 7777
19 27 55
19 28 255
19 29 2
19 30 464
19 31 97
19 32 2152
19 33 21
19 34 79
19 35 207
19 36 394
19 37 161
19 38 5
19 39 140
19 40 81
19 41 68
19 42 27
19 43 877
19 44 36
19 45 4250
19 46 115
19 47 314
19 48 255
19 49 51
19 51 774
19 52 540
19 53 75
19 54 220
19 55 182
19 56 7433
19 57 161
19 58 586
19 59 6084
19 60 867
19 61 346
19 62 451
19 63 31
19 64 27
19 65 12
19 66 37
19 67 253
19 68 30
19 69 83
19 70 21
19 71 516
19 72 1105
19 73 409
19 74 8
19 75 3476
19 76 20
19 77 3
19 78 384
19 79 66
19 80 29
19 81 430
19 82 116
19 83 16
19 85 104
19 86 43
19 87 201
19 88 187
19 89 20
19 90 149
19 91 16
19 92 864
19 93 1348
19 94 39
19 95 486
19 96 361
19 97 107
19 98 242
19 99 1
19 100 99
19 101 483
19 102 11
19 103 445
19 104 301
19 105 419
19 106 86
19 107 376
19 108 46
19 109 398
19 110 183
19 111 284
19 112 3294
19 113 144
19 114 22
19 115 700
19 116 45
19 117 1052
19 118 179
19 119 191
19 120 293
19 121 370
19 122 141
19 123 4425
19 124 191
19 125 8
19 126 2
19 127 105
20 0 153
20 1 9
20 2 62
20 3 69
20 4 1272
20 5 3489
20 6 587
20 7 74
20 8 151
20 9 269
20 10 217
20 11 220
20 12 1
20 13 1802
20 14 845
20 15 156
20 16 715
20 17 662
20 18 2476
20 19 207
20 20 11
20 21 70
20 22 8463
20 23 25
20 24 675
20 25 8
20 26 17
20 27 21
20 28 88
20 29 4
20 30 151
20 31 592
20 32 298
20 33 556
20 34 90
20 35 13
20 36 698
20 37 470
20 38 4970
20 39 10
20 40 2
20 41 2329
20 42 282
20 43 213
20 44 28
20 45 563
20 46 1119
20 47 16
20 48 22
20 49 67
20 50 156
20 51 264
20 52 78
20 53 8331
20 54 2
20 55 41
20 56 59
20 57 7585
20 58 1
20 60 132
20 61 6
20 62 42
20 63 499
20 64 1111
20 65 528
20 66 598
20 67 26
20 68 4
20 69 12
20 70 145
20 71 12
20 72 4043
20 74 16
20 75 1
20 76 94
20 77 30
20 78 13
20 79 123
20 80 21
20 81 866
20 82 132
20 83 7
20 84 117
20 85 3
20 86 51
20 87 329
20 88 300
20 89 148
20 90 52
20 91 3
20 92 1030
20 93 36
20 94 546
20 95 497
20 96 221
20 97 743
20 98 463
20 99 151
20 100 61
20 101 38
20 102 1586
20 103 244
20 104 79
20 105 216
20 106 87
20 107 14
20 108 2
20 109 43
20 110 75
20 111 574
20 112 20
20 113 119
20 114 8684
20 115 17
20 116 1347
20 117 128
20 118 29
20 119 1245
20 120 154
20 122 19
20 123 36
20 124 46
20 125 93
20 126 4
20 127 1681
21 0 9636
21 1 44
21 2 2098
21 3 7
21 4 2
21 5 104
21 6 47
21 7 1660
21 8 179
21 9 6
21 10 591
21 11 26
21 12 37
21 13 513
21 14 32
21 15 52
21 16 42
21 17 62
21 19 2816
21 20 475
21 21 30
21 22 761
21 24 107
21 25 290
21 26 27
21 27 40
21 28 77
21 29 66
21 30 49
21 31 1477
21 32 34
21 33 6977
21 34 44
21 35 930
21 36 351
21 37 50
21 38 52
21 39 66
21 40 49
21 41 249
21 42 88
21 43 434
21 44 119
21 45 91
21 46 12
21 47 1
21 48 102
21 49 2919
21 50 4526
21 51 46
21 52 113
21 53 1
21 54 1012
21 55 494
21 56 385
21 57 21
21 58 65
21 59 847
21 60 310
21 61 518
21 62 234
21 63 2
21 64 1077
21 65 520
21 66 10
21 67 170
21 68 279
21 69 186
21 70 75
21 71 92
21 72 45
21 73 14
21 74 33
21 75 17
21 76 733
21 77 717
21 78 272
21 79 5872
21 80 491
21 81 2135
21 82 8077
21 83 186
21 84 788
21 85 1932
21 86 105
21 87 11
21 88 34
21 89 39
21 90 1617
21 91 610
21 92 349
21 93 336
21 94 311
21 95 1083
21 96 843
21 97 16
21 98 420
21 99 5
21 100 247
21 101 104
21 102 102
21 103 16
21 104 822
21 105 363
21 106 875
21 107 29
21 108 633
21 109 36
21 110 62
21 111 181
21 112 204
21 113 732
21 114 95
21 115 94
21 116 32
21 117 399
21 118 139
21 119 23
21 120 91
21 121 145
21 122 1168
21 123 8
21 124 8
21 125 2754
21 126 8
21 127 251
22 0 206
22 1 503
22 2 84
22 3 2136
22 4 395
22 5 147
22 6 5
22 7 212
22 8 11
22 9 1114
22 10 50
22 11 11
22 12 254
22 13 418
22 14 29
22 15 1174
22 16 5625
22 17 113
22 18 464
22 20 8
22 21 43
22 22 2
22 23 2
22 24 181
22 25 134
22 26 3422
22 27 370
22 28 84
22 29 54
22 30 866
22 31 1085
22 32 18
22 33 161
22 34 32
22 35 140
22 36 762
22 37 163
22 38 7
22 39 102
22 40 868
22 41 1387
22 42 1
22 43 5126
22 44 6
22 45 485
22 46 20
22 47 1148
22 48 9
22 49 202
22 50 5
22 51 39
22 52 25
22 53 789
22 54 211
22 55 4494
22 56 82
22 57 1350
22 58 395
22 59 370
22 60 20
22 62 38
22 63 20
22 64 107
22 65 67
22 66 16
22 67 11
22 68 4955
22 69 7727
22 70 1106
22 71 4857
22 72 97
22 73 1581
22 74 144
22 75 1888
22 76 21
22 77 195
22 78 185
22 79 2
22 80 3344
22 81 56
22 82 220
22 84 11
22 85 50
22 86 280
22 87 84
22 88 543
22 89 119
22 90 776
22 91 545
22 92 3
22 93 16
22 94 3124
22 95 197
22 96 3
22 97 47
22 98 1612
22 99 128
22 100 59
22 101 116
22 102 14
22 103 2
22 104 2030
22 105 23
22 106 16
22 107 12
22 108 35
22 109 440
22 110 648
22 111 903
22 112 2496
22 113 213
22 114 4
22 116 2
22 117 1
22 118 352
22 119 452
22 120 369
22 121 13
22 122 399
22 123 22
22 124 23
22 125 206
22 126 971
22 127 1
23 0 140
23 1 206
23 2 2
23 3 4450
23 5 34
23 6 37
23 7 218
23 8 93
23 11 11
23 12 1
23 13 19
23 14 4598
23 16 61
23 17 60
23 18 853
23 19 16
23 20 8851
23 21 100
23 22 1
23 24 6
23 25 8273
23 26 611
23 27 744
23 28 1310
23 29 133
23 30 6920
23 31 2
23 33 9081
23 34 3
23 35 7
23 36 2
23 37 2178
23 38 8
23 39 52
23 40 1
23 41 2
23 43 77
23 44 11
23 45 1
23 46 185
23 47 1
23 48 1439
23 49 8
23 50 96
23 51 9
23 52 36
23 53 394
23 54 1213
23 55 1192
23 56 1989
23 57 1
23 58 270
23 59 7977
23 60 55
23 61 75
23 63 142
23 64 212
23 65 144
23 68 593
23 69 111
23 70 199
23 71 267
23 73 1427
23 74 76
23 75 10
23 76 9
23 77 9
23 78 136
23 79 151
23 80 22
23 81 1979
23 82 75
23 83 202
23 84 37
23 85 11
23 86 23
23 87 21
23 88 21
23 89 60
23 90 2
23 92 1243
23 93 9
23 94 183
23 96 92
23 97 17
23 98 26
23 99 1670
23 100 208
23 101 256
23 102 48
23 103 5884
23 104 16
23 105 2
23 106 23
23 107 1226
23 108 47
23 109 14
23 111 131
23 112 5
23 113 19
23 114 107
23 115 22
23 116 13
23 117 12
23 119 7
23 120 19
23 121 10
23 122 30
23 124 41
23 125 146
23 126 2
23 127 36
