0 2 3 4 8 9 13 16 17 18 20 23 24 27 33 36 39 46 47 52 56 57 62 67 70 71 76 77 78 79 80 85 91 96 107 110 113 115 117 124 125 130 132 133 135 141 145 149 152 153 154 156 158 159 162 163 164 169 170 173 176 178 179 180 185 186 189 193 197 203 206 208 209 210 219 222 224 226 227 229 234 235 238 241 243 245 247 249 253 255 257 259 261 262 263 264 269 270 271 276 278 281 282 284 285 286 289 290 292 293 294 295 297 301 310 311 312 320 321 322 325 329 330 332 333 335 340 341 342 344 346 347 349 352 353 356 358 359 361 362 368 369 371 372 374 375 377 379 381 382 383 384 385 386 388 389 392 399 401 403 410 413 414 420 421 423 424 427 428 430 431 433 434 440 441 442 445 451 458 459 464 466 469 470 472 473 474 475 479 481 483 484 486 489 491 492 494 495 499 502 505 507 508 509 510
1 1 4 5 8 10 13 18 20 22 25 26 29 33 37 39 43 44 45 46 47 52 54 62 64 66 70 71 76 79 81 83 87 88 90 93 94 96 97 103 106 109 114 115 117 118 121 126 127 129 130 133 134 135 138 140 144 146 147 148 151 152 153 155 156 157 167 172 175 178 179 182 184 185 191 192 195 199 200 208 209 216 219 221 223 224 226 227 229 230 233 235 237 244 246 251 258 261 262 264 266 267 268 269 271 272 278 280 281 282 287 288 289 290 294 296 299 300 303 304 310 313 314 315 318 319 320 324 328 330 333 334 336 339 340 341 344 347 348 349 351 355 356 358 362 371 373 376 379 388 389 390 392 395 397 400 404 405 407 408 410 411 413 414 415 420 425 427 428 431 432 435 436 438 439 443 444 452 456 460 461 465 467 468 469 471 472 475 477 479 483 484 487 488 489 493 495 500 501 502 503 505 507 510 511
2 1 3 4 7 9 11 15 16 18 20 21 22 27 29 32 33 34 36 37 38 40 41 43 45 50 51 52 54 59 62 64 66 67 68 69 74 81 88 92 93 94 97 98 100 102 105 107 108 112 115 116 117 120 122 128 129 130 131 133 135 137 138 141 142 151 154 155 156 159 160 162 166 169 172 173 175 176 179 181 182 185 190 191 192 194 196 197 199 202 203 206 209 215 216 217 219 225 228 232 233 241 246 251 252 257 261 266 268 270 282 284 285 286 287 289 290 291 295 303 304 305 314 315 318 329 330 332 334 335 337 339 343 344 346 347 348 349 350 351 352 353 356 358 359 360 361 363 373 375 379 383 388 389 390 395 397 401 403 404 405 408 409 413 415 417 419 420 422 424 425 428 430 432 438 444 446 447 448 451 454 455 456 457 460 462 463 464 467 469 470 471 479 480 484 489 490 491 493 496 498 500 507 509 511
3 1 3 6 9 10 12 14 17 21 28 29 30 36 40 42 43 47 48 55 57 61 62 63 72 73 74 75 78 84 86 88 90 92 95 97 100 107 109 110 111 113 115 117 119 120 123 125 129 130 131 132 133 134 137 139 141 147 154 157 159 164 171 172 173 178 181 182 183 184 186 188 191 192 193 194 195 196 199 200 204 206 207 211 214 216 219 221 222 223 228 229 230 231 233 234 237 241 244 245 247 248 252 253 257 262 266 267 271 273 274 275 277 278 284 285 286 288 293 296 299 305 311 312 314 317 319 325 326 329 330 331 332 334 339 341 342 346 348 352 353 360 361 362 363 364 366 372 373 375 376 377 378 379 382 383 384 386 392 393 394 395 398 402 404 406 407 408 412 417 421 422 428 429 430 433 441 442 444 448 452 456 458 462 463 464 466 467 468 469 471 476 477 483 484 486 488 489 491 495 500 504 506 509 510
4 1 3 6 7 8 10 12 14 16 18 20 23 24 28 29 30 37 38 39 41 47 48 52 55 60 61 67 76 79 81 82 83 84 88 89 91 92 94 95 99 100 101 104 106 107 113 114 115 117 119 121 127 133 135 136 137 139 147 148 151 156 162 163 164 167 168 170 173 175 177 178 182 185 192 194 195 196 197 199 200 202 205 208 209 212 215 216 219 221 223 225 230 236 237 238 239 243 244 250 259 260 261 262 263 267 269 271 272 273 274 277 279 282 284 287 289 291 292 293 296 301 305 306 312 313 317 319 321 323 326 329 330 331 334 337 341 342 343 345 346 350 351 353 354 357 358 359 360 362 364 366 367 369 373 375 377 380 381 382 383 386 388 391 394 395 397 399 401 402 405 408 412 414 416 422 423 425 426 427 428 432 433 436 438 440 446 448 450 455 457 465 467 472 473 485 486 488 491 492 493 495 497 499 506
5 0 1 2 8 11 13 14 17 23 30 31 32 33 35 40 45 47 49 51 52 53 56 60 62 63 75 76 77 78 79 80 81 82 83 84 85 91 93 94 96 97 99 103 104 105 106 107 109 110 111 112 113 119 120 126 127 128 130 131 132 134 136 138 139 141 142 146 150 151 152 153 157 158 160 161 174 175 179 184 187 188 191 193 195 196 197 199 202 206 210 214 218 219 220 221 222 223 225 227 228 235 237 241 243 244 245 248 252 254 260 262 264 267 271 273 276 277 278 286 288 292 293 296 299 300 301 304 305 307 311 317 320 324 325 327 330 331 334 338 340 343 346 353 354 358 359 360 369 372 373 374 376 377 379 381 383 388 390 391 392 400 402 403 407 409 410 411 416 420 421 423 425 426 428 430 435 438 439 441 447 456 459 465 467 468 470 473 474 477 480 481 484 485 486 488 489 492 494 495 499 503 504 506 507
6 0 1 2 3 4 7 8 10 15 16 17 20 21 25 26 30 32 42 46 48 51 52 55 56 57 61 65 66 68 70 71 72 73 74 76 77 78 81 82 83 87 92 96 97 98 105 106 107 108 111 112 119 120 124 125 126 128 131 134 138 140 142 148 150 151 156 160 161 162 163 165 170 172 177 180 182 183 184 185 188 189 190 191 193 195 196 199 200 201 203 205 208 209 210 214 215 216 217 219 220 221 222 223 229 230 231 237 243 244 246 247 250 251 256 262 271 276 282 284 285 286 288 297 302 304 307 311 312 317 324 325 326 330 332 333 335 344 346 348 349 351 353 356 360 361 365 366 370 371 374 377 379 380 381 384 385 386 387 388 390 392 399 403 407 411 416 417 419 424 425 427 434 435 436 442 450 452 456 458 461 463 466 471 476 482 483 486 487 488 491 492 493 495 496 497 499 500 503 504 505 506 507 508 511
7 0 1 5 10 11 14 20 30 31 32 33 34 36 45 47 52 54 55 60 62 63 64 67 70 72 76 79 81 82 86 87 98 100 103 111 115 118 119 120 121 123 124 126 132 134 135 138 140 142 143 147 151 152 154 155 157 163 166 167 170 174 175 176 177 178 181 184 185 187 193 197 199 201 202 203 204 205 208 209 211 212 217 219 220 221 223 226 227 231 236 237 239 242 243 245 252 253 255 256 257 259 261 262 265 270 273 274 275 277 279 280 284 285 286 287 289 291 295 296 299 300 305 307 308 309 312 313 319 321 323 326 327 330 331 332 336 337 339 340 343 344 345 348 356 362 364 367 370 372 374 377 378 379 380 388 391 393 395 396 399 400 401 406 407 410 412 413 421 422 426 428 429 434 437 438 446 447 449 450 457 459 460 461 464 465 466 468 470 474 477 478 484 487 491 492 493 496 500 502 503 504 505 506 507
8 0 8 10 12 15 16 26 27 34 35 44 46 48 53 54 55 61 63 64 65 66 69 72 73 75 77 82 84 87 90 91 94 95 96 97 100 102 103 105 106 109 111 112 113 115 116 121 124 126 130 134 135 136 137 140 142 143 145 146 151 154 157 158 160 162 163 164 165 166 170 174 175 176 177 178 179 180 181 183 185 186 199 200 201 202 210 215 219 221 222 224 225 226 230 233 236 237 238 242 244 245 248 251 252 257 259 271 276 277 278 286 290 293 295 296 298 299 302 303 306 307 309 313 314 315 316 324 331 333 335 339 341 343 345 346 347 348 350 352 353 354 361 363 364 369 370 371 377 378 379 382 383 384 385 386 394 395 396 400 408 414 415 418 420 423 426 429 430 433 437 439 442 443 445 446 447 452 453 457 459 460 463 464 466 470 471 473 475 476 477 481 482 483 487 491 492 493 498 500 504 506 507 508 509
9 1 2 6 7 11 16 17 20 21 22 23 25 27 31 32 34 37 39 43 49 50 51 52 55 58 63 64 66 67 72 74 75 76 77 78 80 81 85 87 89 90 91 94 95 97 98 99 102 105 107 109 111 117 121 123 132 134 135 136 137 138 141 144 147 150 152 160 165 166 175 176 177 180 181 183 185 190 192 194 198 199 205 207 209 210 215 217 218 219 222 223 225 226 229 231 232 233 234 235 236 238 243 247 251 258 263 264 265 267 268 270 271 272 277 280 281 282 283 285 289 290 291 297 301 302 307 312 314 315 317 319 322 324 325 327 328 330 333 334 336 337 342 344 345 347 349 353 358 366 368 369 374 375 376 379 382 383 390 392 393 394 400 401 405 409 411 418 424 426 427 428 431 434 436 438 439 440 442 444 454 455 456 457 462 463 464 465 468 471 472 474 475 476 477 478 479 482 483 485 495 501 505 508 510
10 0 2 4 6 7 12 14 15 19 20 22 26 27 28 31 32 35 38 40 41 42 47 51 54 57 59 63 64 68 69 72 73 78 80 81 89 90 100 102 103 104 107 111 114 117 119 125 130 131 135 136 140 144 146 147 148 150 151 154 156 162 164 166 168 171 173 176 180 181 183 185 191 195 196 197 198 199 206 207 211 214 215 220 221 228 230 234 235 237 238 240 245 247 250 257 258 260 263 264 265 266 270 271 274 276 277 280 289 290 293 294 295 296 301 302 303 309 310 312 313 315 316 317 318 320 323 331 334 336 337 338 341 347 349 350 352 353 354 359 361 363 364 368 369 373 375 376 377 381 383 388 390 393 396 398 399 400 404 405 408 409 411 413 414 415 416 417 418 419 425 428 430 433 435 436 439 444 445 446 447 448 455 457 458 459 462 463 466 468 472 474 479 481 486 489 492 494 498 499 502 505 508 509 511
11 0 1 4 5 7 9 11 13 14 15 16 17 18 21 22 26 28 33 34 35 37 38 41 43 44 47 51 52 53 59 60 64 66 67 71 72 73 80 84 87 88 89 93 95 97 99 103 106 107 108 113 117 119 120 121 125 128 133 134 135 137 141 142 143 145 147 153 156 158 163 167 168 175 176 177 179 182 186 187 188 189 192 199 200 201 203 205 206 209 215 223 225 229 233 235 238 240 243 244 250 252 253 254 255 256 257 258 263 267 268 277 278 279 280 281 283 285 288 291 297 299 305 313 316 320 321 323 324 326 327 328 331 335 339 344 348 350 351 352 354 357 358 360 362 365 366 368 371 373 382 383 384 388 391 393 397 400 402 404 407 410 412 413 417 418 422 423 424 425 426 428 430 431 436 438 441 445 448 452 453 454 459 464 466 468 474 476 479 480 481 482 483 485 487 489 492 493 495 496 497 498 499 505 511
12 0 4 5 7 9 15 16 19 20 22 23 24 25 27 28 43 44 48 49 50 52 54 55 62 65 68 76 77 78 90 94 97 99 103 104 105 106 108 109 110 111 114 116 117 118 120 124 126 127 128 129 133 141 145 147 149 150 152 153 154 155 156 160 161 162 163 169 170 173 179 182 183 184 185 186 191 192 199 201 203 207 208 211 217 218 222 223 224 226 228 230 232 237 238 243 246 252 253 254 262 263 267 268 276 277 279 281 283 284 286 287 288 295 296 297 298 304 306 308 309 311 313 314 315 316 317 319 323 325 331 332 334 337 339 343 351 360 361 362 363 365 366 368 369 370 375 379 382 383 388 389 390 391 392 393 395 397 398 399 401 403 404 408 409 413 416 417 418 419 420 421 429 431 434 436 440 446 449 450 452 454 455 456 457 458 462 463 465 469 475 476 478 483 486 487 489 491 492 494 495 499 502 504 505
13 0 1 4 7 8 10 13 14 17 18 20 21 22 28 29 31 32 39 40 41 44 47 53 54 55 58 62 64 65 67 68 69 70 71 74 79 86 90 91 94 95 98 100 103 104 106 110 111 112 113 117 119 120 121 122 124 130 139 142 143 145 146 147 149 155 156 157 163 164 167 169 170 179 181 184 190 191 192 195 199 204 208 212 213 220 221 224 225 227 229 234 236 239 240 246 249 252 253 254 255 256 260 262 263 267 276 277 279 281 282 288 292 298 299 300 301 302 304 306 313 315 316 317 318 321 326 327 330 332 334 336 338 340 341 343 344 347 349 350 351 353 356 358 360 362 363 365 369 373 374 378 380 383 384 386 388 389 390 393 395 396 399 403 410 411 413 414 419 421 422 426 428 429 432 434 437 439 441 443 445 446 447 449 451 452 453 454 461 465 466 470 473 476 478 480 482 483 487 488 492 496 500 508 509
14 0 2 7 14 15 17 18 20 21 23 32 33 36 38 40 41 45 47 49 52 55 56 59 61 66 69 72 74 76 78 80 81 83 85 86 88 91 92 94 95 98 99 103 104 107 108 112 113 116 119 123 126 129 130 131 134 135 138 139 140 141 147 152 154 157 158 159 162 163 166 167 182 186 187 190 192 195 196 197 200 202 206 207 208 212 213 218 226 228 229 230 231 236 238 239 241 244 248 256 260 261 263 264 267 269 274 277 278 279 280 287 289 292 293 294 295 299 305 306 307 308 309 313 319 321 326 327 328 329 330 331 335 336 337 345 347 348 353 359 361 362 372 373 375 376 378 380 383 385 387 389 390 392 393 397 399 400 403 404 405 406 407 411 413 419 423 424 426 430 431 434 436 440 441 442 444 446 448 456 460 463 464 467 469 471 474 475 477 478 479 481 483 485 486 487 488 490 491 493 499 502 503 504 505
15 1 3 4 11 12 14 23 25 31 33 34 40 41 45 46 50 51 53 61 62 65 67 68 73 78 81 85 87 88 89 92 94 98 107 114 116 117 119 122 123 126 129 133 142 146 147 148 150 151 153 154 159 162 165 169 170 176 178 181 182 183 184 188 191 192 193 200 201 202 203 212 213 214 218 219 222 224 226 229 230 232 234 238 239 240 247 249 251 257 265 267 268 271 275 276 277 279 281 282 283 287 289 290 296 297 298 299 300 301 302 304 307 312 317 321 322 324 327 332 333 334 336 337 340 347 348 349 352 353 357 359 360 365 366 367 368 369 370 372 373 374 378 380 381 382 383 385 386 387 390 391 392 393 396 397 398 399 401 403 404 405 410 411 413 416 417 420 421 424 432 437 439 440 443 445 446 449 450 451 453 456 467 470 472 473 476 478 481 482 483 485 486 487 488 491 493 494 496 497 498 499 507 509 510
16 1 2 3 5 6 7 8 14 16 18 20 21 23 28 29 30 36 37 39 41 49 54 57 60 67 68 72 76 79 81 82 84 88 91 92 93 94 95 101 104 107 109 113 114 117 119 121 127 133 136 137 138 139 148 151 156 162 164 168 173 177 179 181 183 185 190 194 195 196 197 198 199 200 202 205 208 209 211 212 215 216 219 220 221 223 224 225 227 229 230 235 236 237 238 243 244 248 250 260 261 262 263 267 271 272 273 274 275 282 287 288 289 290 293 296 301 305 306 310 312 317 319 321 325 326 327 329 330 331 332 333 334 337 338 341 342 343 345 346 352 354 359 360 363 364 366 369 373 375 377 380 381 382 383 384 388 389 391 393 394 395 398 399 401 402 406 410 412 418 420 422 423 426 428 430 432 433 434 436 437 438 440 443 444 450 457 465 467 472 473 483 484 488 490 491 492 493 494 496 497 498 499 506 508
17 0 1 8 9 11 13 14 17 19 20 26 30 32 33 34 35 39 40 45 49 51 53 54 56 60 61 63 64 69 71 75 76 77 78 80 81 83 84 85 93 94 96 97 99 103 104 105 106 107 110 113 116 118 119 120 126 127 128 130 132 134 135 136 138 139 141 143 146 149 150 151 152 153 157 160 161 164 170 174 179 183 184 188 191 196 197 199 206 208 218 219 220 221 222 223 225 228 232 233 234 235 237 241 243 244 245 252 260 262 263 264 271 278 281 283 284 286 287 288 292 293 296 299 300 301 305 307 311 318 320 322 324 325 329 331 334 340 343 344 346 349 354 356 359 360 369 372 373 374 376 377 379 383 388 390 391 394 400 401 402 403 408 410 411 412 414 416 420 421 428 430 433 434 435 438 439 441 444 445 447 456 459 465 467 468 470 473 474 475 477 480 484 485 486 489 492 494 495 502 503 504 506 507 508
18 0 1 2 3 4 8 9 10 16 17 21 25 26 30 32 34 38 41 42 44 46 48 51 52 55 57 61 65 66 68 70 71 73 77 78 81 82 83 87 89 92 96 97 98 105 106 107 108 112 119 120 122 123 124 126 128 131 134 138 142 144 148 150 156 160 161 162 163 165 170 177 182 183 184 188 189 190 191 192 193 195 201 205 209 212 214 215 216 217 219 221 223 227 229 230 237 246 249 250 251 253 256 258 262 266 271 276 277 282 284 285 286 290 293 297 299 302 304 307 311 312 316 317 321 324 326 328 332 333 335 339 346 348 349 351 353 364 365 366 367 369 370 371 374 377 379 380 381 384 385 386 387 390 392 395 399 400 401 411 415 416 417 418 419 421 424 425 427 429 433 434 435 436 442 450 452 453 456 457 463 466 467 471 476 478 482 483 485 486 488 491 492 494 495 496 499 501 503 504 505 506 507 508 511
19 0 4 5 7 11 14 20 22 28 30 31 32 33 34 45 47 52 54 60 63 64 72 76 77 79 81 82 86 96 98 100 101 102 103 108 111 112 115 117 118 120 121 123 124 126 127 134 135 138 140 142 147 151 152 154 155 157 159 166 167 169 174 175 177 178 184 185 187 190 191 193 197 199 201 202 203 204 208 209 211 212 217 219 221 223 225 226 227 228 231 237 239 242 243 252 253 254 255 256 257 259 261 262 263 265 266 267 273 274 277 278 279 280 284 285 287 289 291 295 296 297 299 305 307 308 312 313 317 319 321 323 327 331 333 335 336 337 339 340 342 343 344 356 362 364 367 370 372 374 377 378 379 380 388 389 391 393 396 399 400 401 403 407 410 412 413 421 422 426 428 429 433 434 437 438 441 446 448 449 451 453 457 458 459 460 461 462 464 465 468 475 477 484 487 488 491 493 496 502 503 504 505 506 507
20 0 10 12 13 15 26 27 34 35 44 48 53 54 55 61 63 64 65 69 72 73 75 77 82 87 88 90 91 94 95 96 97 98 103 105 106 109 111 112 114 115 116 117 120 121 124 126 130 134 136 137 140 142 143 145 146 151 157 158 159 162 163 164 165 166 168 173 174 175 176 178 180 181 183 185 186 188 199 200 201 202 210 215 219 221 224 225 226 227 230 233 236 238 241 242 244 246 248 251 252 253 257 259 260 263 264 269 272 274 277 278 283 284 285 286 289 290 291 293 294 299 302 303 305 307 308 309 310 313 314 316 317 324 326 331 333 335 339 340 345 346 347 348 350 351 352 353 354 361 363 364 370 371 373 378 379 382 383 384 385 386 395 397 400 407 408 411 414 415 420 423 426 428 429 430 432 437 438 442 444 445 447 451 452 453 455 457 460 463 466 467 470 474 475 476 483 487 491 500 502 505 506 508 511
21 2 6 7 16 17 20 22 23 25 31 32 34 41 43 48 50 51 52 55 58 62 63 64 66 67 72 74 75 76 77 78 81 83 85 89 90 91 94 96 97 99 102 105 107 109 114 115 117 120 121 123 132 134 135 136 137 138 140 141 144 147 148 150 152 160 165 166 167 174 175 176 177 180 181 183 185 190 192 194 198 199 207 209 210 214 217 218 219 222 223 225 226 227 229 231 234 235 236 237 238 240 242 243 247 250 257 258 263 265 270 271 272 277 280 281 282 283 285 289 290 291 292 297 302 307 312 314 315 317 319 322 324 327 330 331 333 334 335 336 337 342 344 345 347 349 354 358 366 369 374 375 376 378 379 382 383 390 391 393 394 400 402 405 409 411 418 424 426 427 428 431 434 438 439 440 441 444 446 454 455 456 457 461 462 464 465 466 468 471 472 474 475 476 477 478 479 482 485 495 500 501 502 508 510
22 0 4 6 7 12 14 15 19 20 22 25 26 27 28 31 32 35 39 41 47 51 54 57 59 61 63 64 65 67 69 72 73 78 79 81 86 87 88 90 102 103 104 107 114 116 117 119 120 125 131 134 136 138 140 144 145 146 148 150 151 154 156 162 164 165 168 173 175 176 177 179 181 183 185 190 191 195 196 197 198 199 203 207 209 210 211 215 220 221 224 225 228 234 235 238 245 247 250 256 257 258 260 263 265 266 271 272 274 277 278 280 281 285 290 293 294 296 301 302 303 309 310 312 315 317 320 323 324 331 334 336 338 340 352 354 355 359 361 363 370 373 375 376 377 379 380 381 383 385 388 390 393 394 395 396 398 399 400 402 408 409 411 412 413 414 415 416 417 418 419 425 430 432 433 435 436 439 440 445 446 447 448 455 457 458 459 462 463 466 468 472 474 479 481 488 489 494 498 499 500 502 505 508 511
23 0 1 4 5 9 13 14 15 17 18 22 26 28 33 34 37 44 47 51 52 53 59 60 66 67 71 72 75 79 80 85 87 88 89 93 94 95 97 99 103 106 107 113 118 119 120 121 124 125 126 127 128 133 134 135 137 141 142 143 145 147 150 153 161 163 167 168 175 176 177 180 182 185 186 187 189 192 196 200 201 205 206 209 212 215 217 224 229 230 233 235 237 238 240 243 246 253 254 255 256 258 263 264 268 273 277 278 279 280 281 283 284 288 291 297 299 300 305 311 316 320 323 324 327 331 335 336 339 340 344 345 346 347 348 350 351 352 354 357 358 360 362 365 366 371 374 375 380 383 384 388 391 397 400 402 403 404 407 412 415 418 423 424 425 426 427 428 430 431 436 438 441 444 445 448 452 454 461 463 464 465 466 467 473 474 476 479 480 481 482 483 489 492 493 494 495 497 498 499 501 504 505 507 511
24 0 3 7 9 15 16 19 20 24 25 27 28 43 44 48 49 50 51 52 53 54 55 57 62 65 68 72 76 77 78 85 88 90 94 97 99 103 104 105 106 108 109 110 111 116 117 118 119 121 124 126 127 128 129 132 133 134 139 141 144 145 147 149 150 153 154 157 160 161 162 163 169 170 171 179 183 184 185 192 199 203 211 217 218 222 223 224 225 226 228 229 232 237 238 243 246 252 253 254 257 261 262 263 265 267 268 276 277 279 280 281 283 286 287 288 295 296 297 298 300 304 306 308 309 311 313 314 315 316 319 323 330 331 332 334 337 339 343 351 358 360 361 362 363 365 366 369 370 375 381 382 383 388 389 391 393 395 397 399 401 404 405 409 410 413 414 416 417 418 419 420 429 431 434 436 439 440 446 449 452 454 455 456 458 460 462 463 469 470 475 478 481 486 491 492 493 494 497 500 502 505 507 510 511
25 0 1 4 7 8 10 13 18 20 21 28 31 32 39 40 41 44 47 49 53 54 55 56 58 60 62 67 68 69 70 71 74 77 79 86 90 91 94 98 100 103 104 110 111 112 113 119 120 121 122 124 130 131 139 140 141 142 143 145 146 147 149 154 155 156 157 164 167 170 178 179 181 190 192 193 195 196 198 199 204 206 208 210 212 213 220 221 224 229 236 239 240 244 249 251 252 253 254 255 256 260 262 263 272 276 277 279 280 281 282 285 288 295 298 299 300 301 304 306 313 315 316 317 318 321 326 327 330 332 336 338 340 341 343 344 347 350 351 356 358 360 362 363 365 373 374 378 380 383 384 386 388 389 390 393 396 399 403 410 411 413 414 419 421 422 423 426 429 432 434 437 439 441 443 445 446 449 450 451 454 458 461 463 464 465 466 467 468 470 471 472 473 476 478 480 482 483 487 488 492 496 508 509 510
26 0 2 7 15 17 18 20 21 23 24 32 33 35 36 37 41 45 49 52 56 61 66 69 72 74 75 76 78 80 83 85 86 88 91 92 98 99 100 103 104 107 112 113 116 119 126 127 129 130 131 134 135 138 139 140 141 147 152 154 157 158 159 161 162 163 166 167 176 178 182 186 187 190 192 195 196 197 198 200 202 204 208 212 218 226 228 229 231 234 236 238 239 241 242 244 248 251 256 260 261 263 267 269 274 276 279 280 287 289 291 292 293 294 295 305 306 307 308 309 313 314 315 319 321 326 327 328 329 330 331 335 336 337 341 342 345 347 348 352 353 359 361 362 366 372 374 376 378 383 385 389 390 391 392 393 397 399 400 403 404 406 407 411 413 419 420 423 424 426 428 430 436 440 441 444 445 446 448 456 458 464 467 469 471 472 474 475 477 478 479 481 483 485 486 487 490 491 493 499 502 503 504 505 506
27 1 3 4 8 11 12 14 23 25 27 31 33 34 37 40 41 44 46 48 50 51 61 62 65 67 68 73 78 81 85 87 88 89 92 94 100 111 114 116 117 119 121 123 126 129 133 142 145 146 147 148 150 151 153 154 160 162 165 170 176 178 181 182 183 184 188 191 192 193 195 197 200 201 202 203 211 212 213 214 218 224 226 229 230 233 234 236 238 239 240 247 249 251 258 259 267 268 269 276 277 278 279 280 281 282 283 287 289 290 296 297 299 300 301 302 304 305 307 309 312 321 322 324 326 327 333 334 336 337 340 344 347 348 349 353 357 359 360 366 367 368 369 370 372 373 374 378 379 380 382 383 385 386 387 390 391 392 393 396 397 398 399 401 403 404 410 411 413 416 417 420 421 424 427 432 436 437 439 440 441 443 445 446 449 450 453 455 456 467 472 476 477 481 483 485 487 488 491 493 494 496 497 499 501
28 1 3 5 6 7 8 14 16 18 20 21 23 27 28 30 32 33 37 41 47 48 49 54 57 60 62 63 67 68 70 72 76 79 81 82 84 89 91 92 93 94 95 100 101 107 114 117 119 121 127 133 135 136 137 139 148 150 151 156 159 162 164 168 170 172 173 177 179 181 190 194 195 196 198 199 200 202 205 208 209 211 212 215 216 219 220 223 224 225 229 235 236 237 238 243 244 250 260 262 263 267 269 271 272 273 286 287 291 295 296 301 305 306 310 312 317 319 320 321 323 325 326 329 330 331 333 334 335 337 338 341 342 343 345 346 350 352 354 359 360 363 364 366 367 369 375 377 380 381 382 383 384 386 391 393 394 395 397 398 401 402 406 410 412 418 420 422 423 425 426 428 430 432 433 434 437 440 443 448 450 453 457 459 463 465 467 471 473 482 483 484 485 488 489 490 491 493 494 495 496 497 498 506 508
29 0 1 2 8 9 11 13 14 17 19 20 23 24 30 32 33 34 35 39 40 41 45 47 51 52 53 54 56 60 64 68 71 75 77 78 79 80 81 83 84 85 93 94 96 97 99 103 104 105 106 107 108 109 110 113 116 117 118 119 120 126 127 128 134 135 136 138 140 141 150 151 152 153 155 157 158 160 161 163 164 170 174 179 180 184 187 190 193 196 197 199 202 206 209 210 218 219 220 221 222 223 225 228 233 235 237 238 241 243 244 245 248 251 252 260 262 264 266 276 278 283 284 286 287 288 292 293 296 299 300 301 305 311 317 318 320 322 324 325 329 331 334 338 340 343 346 349 354 356 359 369 372 373 374 376 377 378 379 380 386 387 388 390 391 392 394 400 401 402 403 407 408 410 411 414 420 421 426 430 434 435 438 441 444 447 456 457 459 465 470 473 474 475 477 485 486 489 492 494 495 499 502 503 508
30 1 2 3 4 9 10 12 14 15 16 17 19 21 25 30 32 34 38 41 46 48 51 52 55 56 57 61 66 68 70 71 72 73 76 77 78 81 82 83 84 87 92 95 96 97 98 99 105 106 107 108 112 116 117 119 120 122 124 126 128 134 138 142 144 148 150 160 161 162 163 165 167 170 177 180 182 183 184 188 189 190 191 192 193 195 199 200 201 205 208 209 210 214 215 216 217 219 220 221 222 223 226 227 229 237 244 246 249 251 256 258 262 266 277 284 286 290 299 302 304 307 311 316 318 321 323 324 325 330 332 333 342 346 349 351 353 365 366 367 370 371 374 377 379 380 381 384 385 386 387 390 392 395 396 397 399 400 401 403 407 411 415 416 417 418 419 421 424 425 429 430 432 433 435 442 450 452 453 455 456 457 459 462 463 464 466 467 471 476 478 482 486 491 492 494 495 496 499 500 503 506 507 508 511
31 0 3 5 14 15 20 26 28 30 31 32 33 34 43 45 47 54 55 56 60 62 64 67 72 76 77 79 81 82 86 87 91 98 100 103 108 111 112 115 120 121 123 124 126 127 128 134 135 138 140 142 147 149 151 152 156 157 159 166 167 172 174 175 177 178 181 185 186 187 191 194 196 199 201 202 203 204 208 209 211 212 213 217 219 221 223 224 226 227 228 231 239 242 243 245 253 254 255 256 257 259 261 262 263 265 266 267 273 274 275 277 278 279 280 284 285 289 291 293 295 296 297 300 305 312 313 317 319 321 323 326 327 331 333 335 337 339 340 342 344 345 348 356 364 367 370 372 374 379 380 389 391 393 395 396 398 399 401 402 403 407 410 412 415 422 426 428 429 433 434 437 438 442 446 447 448 449 450 453 457 458 459 460 461 462 464 465 466 475 477 479 484 487 488 491 493 496 500 502 503 504 505 507 510
32 0 10 12 15 26 27 31 34 35 38 42 44 46 48 53 55 61 63 64 65 69 72 73 75 82 84 90 91 94 95 96 97 98 103 105 109 111 112 114 115 117 121 124 126 130 134 136 137 140 142 143 145 146 151 153 154 157 158 159 161 162 163 166 170 173 174 175 178 180 181 185 186 200 201 202 208 210 215 221 225 226 227 230 233 236 242 244 246 248 251 252 257 259 260 262 263 272 274 277 278 279 283 284 285 286 287 289 290 291 293 294 296 298 299 302 303 304 306 307 308 309 312 313 314 315 316 317 324 326 329 331 333 335 339 340 345 346 348 350 351 352 353 354 363 370 371 373 377 378 379 382 383 384 385 394 395 396 397 400 407 408 409 410 411 412 414 415 418 420 423 428 430 433 437 439 443 444 445 447 452 453 457 459 460 463 466 470 471 473 474 475 476 480 483 487 491 498 500 504 505 506 508 509 511
33 1 2 6 7 14 16 17 20 22 23 25 27 32 34 39 40 41 43 48 49 50 51 52 55 58 63 64 66 67 70 72 74 75 76 77 78 81 83 85 89 90 94 98 99 102 105 106 107 109 114 115 117 120 121 123 132 134 135 136 137 138 140 141 147 150 152 160 165 166 167 168 170 173 175 176 177 178 180 181 183 185 194 198 199 207 209 210 217 218 219 221 222 223 225 226 229 231 233 234 236 238 242 247 250 257 258 265 268 270 271 272 280 281 282 283 285 289 290 291 292 294 297 298 301 302 307 308 312 315 317 319 320 321 324 330 331 333 334 335 336 342 344 345 346 347 349 358 366 369 374 375 376 382 383 390 391 394 400 402 405 409 411 418 421 424 426 427 428 431 434 436 437 438 440 442 444 446 454 457 461 462 463 464 465 466 468 471 472 474 475 476 477 478 479 482 483 485 495 500 502 504 505 508 510
34 0 4 6 7 12 13 14 15 19 20 22 25 26 27 28 32 34 39 41 42 47 51 54 57 59 61 63 64 65 69 70 72 73 78 81 86 88 90 91 102 103 104 107 111 114 116 117 119 120 131 134 135 136 141 144 145 146 150 154 156 162 164 168 171 173 176 177 179 180 182 183 190 195 196 197 198 199 203 206 207 210 211 214 217 220 224 225 226 228 230 234 235 238 245 246 247 248 250 256 257 260 263 266 271 272 274 276 277 278 281 290 292 293 294 295 301 302 303 309 310 312 313 315 317 318 320 323 324 331 334 336 337 338 340 344 347 349 352 353 354 356 359 363 366 367 369 370 373 375 376 377 379 381 383 388 390 393 394 395 396 398 400 402 408 409 411 412 413 414 415 416 419 430 433 435 436 439 444 445 446 447 448 455 457 458 460 462 463 466 468 469 472 474 479 489 492 494 498 499 501 502 505 508 511
35 0 1 5 11 13 15 18 22 24 26 28 33 34 37 44 47 51 53 59 60 63 64 66 67 71 72 73 80 81 87 88 89 93 94 95 97 98 99 103 106 107 117 119 120 121 125 126 127 128 129 133 134 135 137 138 139 141 142 143 144 145 153 156 158 160 165 167 168 175 182 186 187 192 199 200 205 206 209 215 217 223 224 229 230 233 235 238 240 243 246 250 252 253 254 255 256 257 258 260 263 267 268 269 277 278 279 280 285 288 291 297 305 309 313 316 320 321 322 323 324 327 328 330 331 334 335 336 337 339 344 345 346 347 348 350 351 354 357 362 365 366 368 371 374 375 379 382 383 384 388 391 394 397 400 402 407 410 412 413 415 417 418 424 425 426 427 428 430 431 436 438 441 444 445 448 452 454 459 461 463 464 466 468 473 474 476 478 479 480 481 482 483 485 487 489 493 495 497 498 499 501 505 506 511
36 0 4 7 9 15 19 20 22 23 24 25 28 29 37 43 48 49 50 52 53 54 55 59 62 68 69 72 77 78 82 85 90 96 97 98 99 103 104 105 108 109 110 111 114 116 117 118 124 126 128 129 133 139 141 147 149 150 154 156 160 161 162 163 165 169 170 172 173 179 182 183 184 185 186 191 192 193 199 202 203 206 207 210 211 215 217 218 222 223 224 225 226 228 229 232 237 238 243 246 252 253 254 256 257 260 262 263 265 267 268 276 279 280 281 283 287 288 295 297 300 304 306 308 309 311 313 314 315 319 323 325 330 331 332 334 337 339 341 343 351 358 360 361 362 366 369 370 375 379 382 383 388 391 393 395 397 401 404 409 410 413 416 417 418 419 420 421 423 429 431 434 436 439 440 446 447 449 452 453 454 455 456 458 461 462 463 469 470 475 476 478 483 491 492 493 494 495 499 501 502 504 507 509 511
37 1 4 8 10 13 14 17 18 20 32 39 40 41 44 47 49 51 54 55 56 58 60 64 68 69 71 72 73 74 77 79 86 90 91 94 95 100 103 104 109 110 111 112 113 119 120 121 122 128 130 131 139 142 143 146 147 149 155 156 164 167 169 170 171 179 181 184 190 192 193 195 196 198 199 204 206 208 210 212 213 220 221 224 225 228 229 233 234 236 239 240 244 249 251 252 253 254 255 256 257 260 262 263 273 276 277 279 281 282 295 298 299 300 301 304 306 313 315 316 317 318 320 321 326 327 330 331 332 334 336 338 340 341 343 344 347 350 351 353 356 358 360 362 363 365 374 378 380 383 386 388 389 393 396 399 403 409 410 411 413 414 415 419 421 422 428 429 434 435 437 441 443 445 446 449 452 453 454 456 457 458 461 465 466 467 468 470 472 473 476 478 480 482 483 487 488 490 492 496 500 501 508 510 511
38 0 2 7 14 17 20 23 32 33 35 36 37 38 40 41 45 49 52 56 59 61 67 69 72 73 75 76 77 78 81 83 84 85 86 88 91 92 95 98 99 103 107 112 113 116 119 123 125 126 129 130 131 134 135 138 139 140 141 145 147 152 154 156 157 158 159 162 163 166 169 170 178 182 186 187 190 195 197 198 200 202 204 207 208 212 213 218 226 228 229 230 231 234 236 238 241 242 244 246 248 250 256 260 263 267 268 269 274 276 277 278 280 281 287 291 292 294 295 299 305 306 307 308 313 314 315 319 321 326 327 328 329 330 331 335 336 337 341 347 348 352 353 359 361 362 366 372 373 375 378 389 390 391 392 397 399 400 403 404 405 406 407 411 412 413 416 419 423 424 426 428 430 432 435 436 440 441 442 444 446 448 460 464 467 469 471 472 474 475 477 479 481 483 485 486 487 490 491 493 499 502 503 504 505
39 1 3 4 8 11 12 14 23 25 27 29 31 33 34 37 40 44 45 46 48 50 51 53 60 61 62 65 67 68 78 85 87 88 92 98 100 107 114 116 117 119 122 123 126 129 133 142 146 147 148 150 151 153 154 159 160 161 162 165 169 176 177 178 181 182 183 188 191 192 193 195 200 201 202 203 209 212 213 214 216 224 226 227 229 230 232 233 234 236 238 239 247 249 251 257 264 267 268 271 273 275 276 277 278 280 281 283 286 287 288 289 290 291 292 296 297 299 302 304 305 307 309 312 321 322 324 326 332 333 334 336 337 340 344 345 347 348 349 353 357 359 364 366 367 368 370 372 373 374 380 381 382 383 385 386 387 390 391 392 393 396 397 398 399 401 403 404 405 411 413 416 417 420 421 427 431 432 436 440 443 445 446 449 450 451 453 457 467 473 481 483 485 486 487 488 491 493 494 496 497 499 501 509 510
40 0 2 3 4 6 7 8 11 15 16 18 19 23 25 27 32 35 36 37 41 42 43 47 49 55 58 59 62 63 67 68 71 73 74 76 87 89 91 95 97 100 104 108 113 117 119 120 122 123 125 126 127 129 130 131 132 133 137 139 140 141 147 154 155 160 163 166 167 169 174 180 181 182 184 185 186 187 192 197 206 207 208 209 210 211 213 214 215 216 219 220 221 222 225 228 229 230 237 238 242 243 245 246 248 249 250 251 253 255 256 266 269 270 272 275 280 284 288 289 295 296 297 314 315 316 318 320 325 326 327 329 330 343 344 345 349 350 355 357 358 366 369 371 376 379 380 383 384 385 386 389 390 392 395 398 399 400 406 410 414 415 420 422 423 424 425 426 433 435 437 440 441 442 446 447 448 450 454 455 464 465 466 467 468 471 474 476 477 478 479 481 483 484 486 487 488 490 494 496 497 500 503 507 510
41 5 6 7 10 13 14 15 19 20 22 23 25 28 36 37 38 39 41 44 47 50 51 54 56 59 62 63 71 72 75 76 77 82 85 86 87 88 91 95 98 102 103 104 106 108 110 111 112 113 115 117 121 123 125 126 127 128 129 130 139 143 146 147 148 156 162 164 165 167 171 172 173 174 175 178 183 184 187 190 194 199 206 210 219 220 221 223 224 225 226 227 228 229 236 237 240 246 248 251 252 253 254 262 263 264 266 267 268 269 271 273 274 275 280 286 297 298 304 305 307 309 310 315 317 318 322 323 339 341 342 344 345 346 351 352 353 355 359 361 364 365 368 371 372 373 374 376 378 379 385 388 391 393 394 399 401 403 405 408 410 411 414 417 419 421 422 423 424 427 428 429 434 436 438 442 443 444 448 449 450 451 452 457 462 465 467 468 471 474 480 481 484 486 487 491 493 494 495 497 499 502 504 507 510
42 4 6 8 9 10 15 17 18 23 26 27 28 30 31 36 41 42 43 44 45 46 47 48 49 54 56 57 61 69 74 81 85 86 89 90 92 96 100 104 106 107 109 111 112 114 118 119 121 125 127 130 132 137 138 141 142 144 148 151 153 156 157 159 160 161 164 168 169 170 171 172 174 175 178 180 181 182 186 187 188 189 191 193 194 195 199 202 204 208 212 213 215 223 225 226 227 228 230 231 232 233 235 237 238 240 243 247 250 252 253 255 257 258 259 261 265 266 268 270 274 275 279 287 289 290 297 300 301 304 307 309 310 314 317 327 328 329 333 338 339 340 344 345 348 349 351 352 353 358 362 363 364 365 367 368 371 377 381 385 387 388 390 395 396 399 400 403 406 418 421 425 434 435 436 440 442 444 446 447 451 459 464 467 468 469 470 473 478 479 481 482 483 484 490 491 494 496 499 502 503 506 507 510 511
43 0 1 3 4 6 7 10 14 16 19 22 27 28 35 39 46 50 51 54 55 57 69 70 73 78 80 83 84 85 89 96 97 98 100 101 103 104 107 109 111 114 117 118 119 120 121 125 127 129 130 131 133 134 140 141 143 144 146 148 152 153 161 163 166 168 169 172 175 176 177 179 180 181 190 191 195 198 200 202 204 207 210 217 221 227 229 231 232 233 238 242 243 245 249 250 252 253 255 257 258 259 260 264 266 269 272 274 275 276 277 278 281 285 286 287 291 294 295 297 298 302 303 306 307 312 317 318 319 324 325 326 328 329 330 331 334 337 338 340 343 345 347 352 353 358 360 361 362 366 367 369 372 374 378 380 381 386 393 394 398 402 403 405 409 410 412 413 415 416 418 420 424 425 426 428 432 438 440 443 446 447 448 449 450 451 455 456 457 460 461 466 467 472 473 475 480 482 483 484 496 498 500 503 511
44 0 3 6 8 10 11 15 16 18 21 23 30 32 37 39 40 45 46 48 49 52 55 58 64 70 72 74 79 80 85 86 87 88 90 91 94 97 98 99 101 103 106 108 111 112 115 122 125 126 127 128 129 130 142 144 145 146 147 149 150 153 154 159 160 163 164 167 171 172 175 177 184 186 189 191 193 194 197 202 205 206 208 209 213 218 219 220 223 225 230 232 233 235 237 238 240 243 250 257 260 261 266 267 271 273 274 276 277 278 279 281 284 285 287 289 293 294 295 296 298 299 301 303 304 307 308 309 311 312 313 317 320 323 332 335 336 340 341 342 346 351 355 359 360 365 367 369 372 374 378 380 381 383 384 385 389 394 396 397 398 401 402 403 404 406 408 410 412 416 422 427 430 434 435 436 437 441 442 444 448 452 456 458 461 463 469 470 472 474 483 485 486 488 489 490 491 493 494 500 502 503 506 507 510
45 0 1 4 5 7 9 10 11 14 16 20 24 28 30 32 37 39 42 49 50 52 56 58 59 69 70 76 77 78 80 81 83 84 86 93 96 100 103 105 106 110 112 113 114 115 122 124 127 137 139 142 145 148 150 158 160 164 166 171 178 180 181 187 189 192 194 197 201 202 206 210 212 214 217 218 220 221 224 226 228 230 233 234 236 237 241 248 249 255 257 258 259 260 262 263 265 266 268 271 272 279 283 284 285 286 293 295 296 297 305 307 308 309 310 312 315 317 319 322 324 326 328 329 330 331 332 337 338 339 340 342 346 348 353 356 362 363 368 369 371 372 374 379 381 384 385 386 387 388 389 391 392 397 400 401 403 405 408 409 411 415 416 418 425 426 430 433 434 436 437 439 440 441 444 446 447 448 454 455 456 457 458 460 463 464 467 471 476 480 481 482 484 488 490 491 492 493 500 502 505 506 507 509 511
46 3 5 10 15 16 17 19 23 24 27 28 29 31 33 38 40 42 43 48 50 56 57 58 59 60 62 64 65 67 68 70 76 77 78 82 83 87 88 90 96 105 106 109 113 119 120 128 130 132 133 135 140 143 148 154 159 161 162 163 164 167 171 172 174 176 177 178 179 187 188 190 191 195 196 197 199 202 203 205 206 207 209 214 217 220 226 236 237 239 246 252 256 257 258 259 260 261 264 265 273 277 278 279 283 287 288 289 290 291 294 296 299 300 302 303 306 308 310 313 314 315 316 317 318 321 324 326 327 330 331 332 334 337 339 343 344 345 350 352 354 356 357 358 359 361 362 363 364 366 367 368 378 379 381 383 384 385 389 392 395 396 400 408 410 411 417 420 421 422 423 425 426 427 428 430 441 447 450 453 457 462 463 465 466 470 471 472 473 474 478 480 482 486 487 489 495 497 498 500 503 506 509 510 511
47 3 6 7 11 13 14 20 21 23 24 26 38 40 41 42 43 47 48 51 52 55 56 57 58 59 63 65 67 68 69 77 83 84 85 86 90 94 98 101 103 106 108 113 116 121 122 130 131 133 137 138 141 145 146 148 151 159 161 163 165 166 167 168 172 173 174 176 182 185 187 188 189 190 193 198 204 208 210 212 214 216 217 218 219 223 229 232 236 237 239 250 251 263 265 266 267 271 276 280 283 287 289 291 292 298 301 304 306 307 308 309 313 314 315 317 318 322 323 326 328 330 333 337 342 347 351 354 356 360 362 365 368 369 370 371 372 375 377 381 382 384 387 389 390 391 392 395 396 397 400 401 404 406 409 411 414 415 417 421 422 425 426 430 432 434 435 436 437 439 441 443 444 445 446 449 451 453 454 455 458 461 463 464 465 468 469 472 474 475 476 477 479 480 482 485 488 492 496 497 503 505 507 508 510
