0 2 3 8 9 16 18 24 25 27 33 39 46 47 57 67 71 73 76 78 79 85 86 91 96 107 110 113 115 117 124 133 135 143 149 152 156 163 164 170 173 176 178 179 180 185 186 193 197 203 208 210 211 219 222 224 226 234 235 238 241 243 257 269 276 281 282 284 285 286 289 293 294 295 297 301 310 311 320 321 322 329 332 335 340 341 343 347 349 352 356 358 361 362 368 381 383 387 392 398 399 401 403 413 414 415 421 423 424 427 428 431 433 441 458 464 469 470 473 481 483 484 486 489 492 499 507 508 509
1 1 5 8 13 18 20 26 33 39 43 44 45 47 54 57 61 62 64 70 71 81 87 88 90 93 96 97 106 109 114 115 121 126 129 134 135 138 145 146 148 152 155 162 178 179 198 199 200 208 209 214 216 217 219 221 223 224 227 230 241 258 261 262 266 267 271 272 278 280 282 287 288 300 303 304 314 318 328 333 334 336 341 344 347 355 356 358 362 373 376 377 388 392 395 400 405 409 413 414 415 420 425 427 428 431 435 436 439 441 444 446 447 456 461 467 469 471 474 479 483 484 488 489 493 501 505 507 511
2 4 7 9 11 16 18 21 22 29 32 34 36 37 38 40 41 43 47 51 52 54 59 62 68 84 89 92 98 107 115 120 122 125 128 130 134 135 138 142 144 151 155 156 159 165 166 169 172 173 174 175 182 185 190 191 192 195 197 199 200 211 216 225 229 231 232 233 241 243 248 257 263 266 270 281 284 286 291 295 300 303 304 313 314 315 316 323 328 332 334 337 343 344 346 348 352 356 363 386 389 393 397 401 403 408 410 413 422 425 429 432 438 444 446 448 457 458 468 470 480 484 485 493 494 496 498 500 504
3 6 10 12 27 28 36 47 61 62 63 70 72 73 75 88 90 95 99 107 109 111 113 115 117 120 123 128 132 141 147 154 156 157 165 169 182 183 184 191 192 193 195 196 197 200 206 207 214 218 221 222 228 229 230 231 237 241 244 247 252 253 271 272 273 274 275 277 278 281 284 285 286 288 293 305 311 317 319 320 326 329 330 331 332 333 339 341 346 351 352 360 361 362 363 364 372 375 383 386 393 394 395 401 418 429 432 437 442 444 448 452 456 462 463 464 465 467 469 471 477 486 488 491 495 497 504 505 510
4 1 3 6 8 10 12 14 16 18 28 29 37 41 49 67 79 81 83 84 89 91 92 95 101 107 113 114 117 119 121 127 133 135 136 148 151 156 164 167 170 177 182 194 195 198 200 202 205 206 208 209 212 215 219 220 221 224 236 238 243 244 250 260 261 262 267 269 271 272 273 284 287 289 291 296 301 305 306 310 312 313 317 319 323 326 331 333 334 337 341 343 346 353 359 364 366 369 375 377 381 394 395 401 402 408 422 423 428 433 436 440 446 448 450 457 462 465 467 472 473 485 488 491 495 496 497 498 506
5 0 1 8 13 14 17 20 23 30 32 33 39 40 42 45 49 51 52 56 60 62 69 76 78 80 83 85 93 94 96 97 103 104 105 110 112 118 119 128 130 134 135 139 141 143 146 150 152 153 160 179 182 187 196 197 202 206 218 223 225 228 235 237 241 243 244 245 247 248 252 260 271 284 286 287 288 292 293 296 301 304 305 307 320 331 334 338 340 343 346 354 359 369 373 377 379 391 402 403 408 410 411 420 421 425 426 428 435 436 438 441 444 447 456 459 465 467 468 470 473 477 484 485 486 489 492 494 502
6 1 2 4 9 10 14 16 17 25 26 28 32 36 41 46 55 56 57 66 68 70 71 72 81 82 92 96 97 98 104 105 106 107 108 112 124 128 131 134 138 141 148 150 160 163 165 170 173 177 183 187 188 189 205 208 215 216 220 222 223 230 243 246 249 251 258 272 276 284 286 288 298 304 307 311 321 324 330 332 335 343 346 348 353 356 365 366 367 370 371 374 381 384 386 387 390 393 399 400 401 411 416 418 419 425 430 433 436 450 452 456 466 476 482 483 487 491 492 493 495 496 499 503 505 506 507 508 511
7 0 5 10 20 21 28 30 31 32 34 36 43 45 47 55 60 62 64 72 73 76 77 86 103 111 112 121 132 135 138 140 142 149 151 155 166 167 177 184 187 193 194 199 201 202 203 204 208 211 217 221 227 228 231 236 239 242 243 245 253 255 259 262 263 265 266 273 274 275 277 279 280 284 285 286 302 305 309 313 317 323 330 336 339 340 343 356 364 370 374 380 391 395 399 401 404 406 407 412 413 414 428 429 433 434 437 438 441 446 447 449 457 460 462 464 465 466 467 479 481 484 487 491 496 502 503 504 510
8 0 12 27 34 35 48 53 54 55 61 64 65 70 72 73 77 81 82 88 90 100 103 105 109 111 112 113 115 121 124 126 130 134 136 137 140 142 145 146 151 163 164 166 170 173 178 180 181 188 201 202 215 221 224 226 230 233 236 241 244 252 257 277 278 285 286 289 290 293 298 302 307 308 314 316 317 324 326 333 339 340 341 343 347 348 350 354 361 363 370 373 377 378 379 382 383 384 385 400 407 408 410 412 414 415 419 423 426 428 442 445 447 453 457 460 470 474 475 476 483 487 491 492 493 500 506 508 511
9 1 2 6 7 16 17 20 22 23 25 31 34 37 39 43 49 50 51 52 55 63 64 66 67 72 74 75 76 77 78 81 85 89 91 94 95 97 99 102 105 107 117 121 123 132 134 135 136 137 141 144 147 150 152 160 165 175 176 177 183 185 190 192 194 198 205 207 209 217 218 219 222 225 226 229 231 232 234 235 236 238 243 247 258 263 265 267 270 271 272 277 281 282 283 289 290 291 297 302 307 312 314 315 317 319 322 324 330 333 334 344 345 349 358 366 369 374 375 379 382 383 390 393 394 405 411 418 427
10 0 2 4 6 7 14 15 19 20 22 26 27 28 31 32 35 41 47 51 54 57 63 64 68 72 73 78 81 90 100 102 103 104 107 111 114 117 119 131 135 136 140 144 146 147 150 154 156 164 168 173 176 181 185 195 196 197 198 199 206 207 211 214 220 228 234 245 247 257 263 266 271 274 277 290 293 294 302 303 309 310 312 313 315 317 320 323 331 334 338 349 354 363 375 376 377 381 383 388 390 393 396 398 399 400 404 409 414 415 417 418 425 428 430 439 444 445 446 448 455 457 458 462 468 472 474 489 494
11 0 1 5 13 15 18 26 28 33 35 37 41 47 52 53 59 64 66 67 71 73 80 84 87 89 97 99 103 106 108 113 119 120 121 127 133 134 135 137 141 142 145 153 163 167 175 176 179 182 187 189 200 201 205 206 209 223 233 250 254 256 257 258 268 277 279 280 285 288 297 299 320 323 327 331 335 339 344 348 350 351 354 357 358 360 366 375 384 388 397 400 402 407 412 418 423 424 425 426 428 430 431 436 438 441 445 448 452 453 454 461 464 466 468 474 476 480 481 482 483 485 492 493 495 496 497 505 511
12 0 7 9 15 16 19 20 22 24 25 28 43 44 48 49 50 52 54 55 62 65 68 76 77 78 90 94 99 103 104 109 111 116 117 118 126 128 129 133 141 145 147 149 150 152 153 154 155 160 162 163 169 183 184 185 186 191 199 203 208 218 222 224 228 230 232 237 238 243 246 252 253 254 262 263 268 276 277 279 281 284 288 295 304 306 308 309 311 314 315 316 319 323 325 331 332 339 351 360 362 369 370 375 379 383 388 391 392 393 395 397 398 399 401 403 404 408 409 413 416 417 419 420 429 436 440 446 449
13 7 10 13 18 20 22 28 29 31 53 54 55 58 68 69 71 74 79 86 91 95 100 103 104 111 117 119 120 122 130 139 142 146 147 155 156 167 169 170 179 181 190 192 195 204 212 220 221 224 225 227 229 236 239 240 249 253 254 260 262 276 281 282 288 298 300 301 304 306 313 315 316 318 321 326 327 330 332 334 336 338 341 343 350 351 358 360 365 373 378 380 384 386 388 389 390 395 396 399 403 410 411 414 421 422 428 429 432 437 439 441 443 445 446 449 452 453 454 461 466 473 478 480 482 483 488 496 508
14 15 17 20 23 32 33 40 41 45 49 52 55 59 66 69 72 76 77 78 86 88 91 92 98 99 116 119 123 126 129 130 135 138 147 154 157 158 159 166 167 170 182 186 187 190 192 195 196 197 200 208 213 218 228 229 244 248 251 260 263 267 274 276 277 278 279 280 289 292 295 305 308 309 313 319 321 328 337 345 348 353 361 362 372 378 383 385 387 389 390 393 397 399 404 405 406 411 419 424 426 430 436 440 444 446 448 460 463 464 469 471 474 475 477 478 479 481 483 485 487 490 491 493 499 502 503 504 505
15 3 4 8 11 12 14 25 29 31 46 47 48 50 53 62 65 68 78 85 88 92 94 116 119 121 123 126 129 133 142 145 146 147 148 150 151 153 154 159 162 170 176 178 181 184 188 191 192 193 200 201 202 214 217 226 229 230 232 236 239 247 249 258 273 281 283 289 296 297 298 299 300 301 305 307 322 324 332 334 340 344 349 357 359 365 366 367 373 380 382 384 385 386 387 391 392 396 397 399 401 403 410 411 413 416 420 421 424 432 436 437 439 440 443 445 450 451 453 467 476 478 485 486 488 493 496 501 507
16 1 6 8 10 14 18 21 23 28 29 41 49 50 54 67 72 84 88 91 95 101 107 113 114 117 119 121 127 133 136 137 138 148 151 156 159 162 164 167 177 179 194 195 198 200 202 205 208 209 212 215 216 219 220 224 227 229 235 236 237 238 243 244 250 260 261 262 263 267 271 272 273 274 275 287 288 289 305 306 310 312 317 319 325 327 329 331 332 333 334 337 341 343 346 359 364 366 367 369 373 375 381 384 393 394 395 401 402 406 412 422 423 428 433 436 440 450 457 465 467 473 484 488 491 496 497 498 506
17 0 1 8 9 11 13 14 17 19 20 26 30 32 33 40 42 45 49 51 52 56 60 61 71 76 78 80 83 85 93 94 96 97 103 104 105 110 112 118 119 128 130 135 139 141 143 150 153 157 160 170 179 182 187 188 193 197 206 218 223 225 228 235 237 241 243 244 245 247 252 260 263 271 278 284 286 287 288 292 293 296 299 301 304 305 307 320 329 331 334 340 343 346 359 369 376 377 379 386 391 401 402 403 408 410 411 416 420 421 435 436 438 441 444 447 456 465 470 473 475 477 484 485 486 489 494 495 502
18 1 2 4 9 10 14 16 17 25 28 30 32 39 41 42 55 56 57 61 65 66 68 70 71 72 75 81 82 92 95 96 97 105 106 107 108 112 116 122 124 126 128 131 134 138 141 148 150 160 165 170 173 177 182 183 187 188 189 191 205 208 215 216 222 223 230 237 243 246 249 251 258 261 272 276 284 286 288 298 304 307 311 321 324 332 335 346 353 356 361 365 366 367 371 374 380 381 384 386 387 390 393 395 399 400 401 411 425 430 433 450 452 455 456 463 466 467 471 476 483 492 493 496 499 500 503 506 507
19 1 4 5 10 20 30 31 32 34 43 45 47 52 55 60 62 64 72 76 77 86 101 103 107 111 112 121 135 138 140 142 149 151 155 157 166 167 169 172 177 184 193 194 201 202 203 204 208 209 211 221 225 228 231 239 241 242 243 254 255 259 261 262 263 265 266 274 277 278 279 280 284 286 302 305 309 313 317 323 331 333 336 339 340 344 345 356 370 374 380 389 391 395 399 400 401 406 407 412 413 428 429 434 437 438 441 446 449 452 453 457 458 460 462 464 465 466 475 477 479 481 484 487 491 496 502 503 504
20 0 12 13 16 26 27 34 41 48 51 53 54 55 61 65 72 73 82 88 90 103 105 109 111 112 113 115 117 120 124 126 130 134 136 137 140 142 143 145 146 151 153 159 162 163 164 166 173 175 178 180 181 188 201 202 210 215 221 224 226 230 233 236 241 244 252 257 259 263 272 277 278 285 286 293 298 302 307 314 316 317 324 326 333 336 339 340 345 350 353 354 363 370 373 378 382 384 385 400 407 408 414 415 419 423 426 428 442 447 449 451 453 455 457 460 470 474 475 476 480 487 491 492 500 502 506 508 511
21 2 6 7 16 17 20 22 23 25 31 34 43 48 50 51 52 55 58 62 63 66 67 72 74 76 78 85 89 96 97 99 102 105 107 109 114 115 117 120 121 123 132 134 135 137 141 147 150 152 160 165 175 183 185 190 192 194 198 199 207 209 217 218 219 225 226 229 231 234 235 236 238 242 243 247 250 258 263 265 270 271 272 277 281 282 283 289 291 297 307 312 314 315 317 319 324 330 333 334 344 349 366 369 374 376 383 390 393 394 402 409 418 424 427 428 431 434 438 439 441 444 446 454 457 462 466 468 471
22 4 6 7 14 15 19 20 22 26 27 28 31 32 35 39 41 47 51 54 57 59 63 64 67 72 73 78 79 86 90 102 104 107 114 117 119 120 131 134 136 144 145 146 150 154 156 168 173 181 183 185 190 195 196 197 198 199 203 207 211 220 228 234 235 245 247 250 256 257 258 263 266 271 274 277 281 290 293 294 296 302 303 309 310 312 315 317 320 323 324 331 334 338 354 355 373 375 376 379 381 383 388 393 394 396 398 400 409 411 414 415 417 430 432 436 445 446 448 457 458 462 463 466 472 474 488 489 494
23 0 1 13 15 18 26 28 33 37 38 41 47 51 52 53 59 60 66 67 71 79 80 85 87 89 97 99 103 106 108 113 119 120 121 125 126 127 133 135 137 141 142 143 145 150 153 163 167 176 182 187 189 192 196 201 205 206 209 229 233 254 256 258 263 268 273 277 278 279 280 284 285 288 296 297 299 320 323 327 335 340 348 350 357 365 366 368 375 380 388 397 400 402 407 412 415 418 423 424 426 428 430 431 436 438 441 444 445 448 452 461 464 466 467 473 474 476 480 481 482 483 489 492 493 494 495 505 511
24 0 3 7 9 15 16 19 20 24 25 44 48 49 50 53 54 55 57 62 65 68 77 78 90 94 99 103 104 105 109 111 116 117 118 124 126 128 129 133 141 147 150 153 154 160 162 163 169 183 184 185 192 199 203 218 222 224 228 229 232 237 238 246 252 253 254 261 262 263 268 276 279 280 287 288 295 297 304 306 308 311 314 315 316 319 331 332 339 351 360 361 369 375 382 383 388 391 393 395 397 399 409 413 416 417 420 429 436 439 440 446 449 452 455 456 458 460 462 463 469 470 475 478 481 493 494 502 510
25 4 7 10 13 18 20 31 40 49 54 55 58 68 69 74 79 86 90 91 94 100 103 104 111 119 120 122 130 131 139 140 141 145 146 147 154 155 156 167 170 178 179 181 190 192 193 195 198 204 210 212 221 229 236 239 240 244 249 253 260 262 281 282 288 295 298 301 304 306 313 315 316 318 321 326 327 330 332 336 338 341 343 350 351 358 360 365 373 378 383 384 386 388 389 390 396 410 411 414 419 421 422 423 429 432 434 437 441 443 445 446 449 451 454 458 461 465 466 471 472 473 478 480 482 483 488 496 508
26 15 17 20 23 32 33 41 45 47 49 52 55 56 66 69 75 76 77 78 81 83 86 88 92 98 99 113 116 123 125 126 129 130 135 138 142 147 154 157 158 159 162 166 167 169 170 182 190 192 195 196 197 200 207 218 228 234 244 251 263 267 274 276 278 279 280 283 289 292 294 295 305 308 309 313 315 319 321 337 345 348 353 355 361 362 372 374 378 383 385 389 390 393 399 404 406 411 419 424 426 430 436 440 442 444 446 448 456 458 460 464 469 471 474 475 478 479 481 483 485 487 490 491 493 499 502 503 505
27 3 4 8 12 14 31 34 42 46 48 50 53 62 65 68 78 85 88 92 94 100 116 119 121 129 142 145 148 150 151 153 154 157 159 160 162 169 170 176 178 181 184 191 192 193 200 201 202 214 216 217 224 226 229 230 232 236 239 247 249 258 268 272 273 281 283 287 289 293 297 298 300 305 307 309 322 324 333 334 338 340 344 348 353 357 359 360 365 366 373 380 382 385 386 387 390 391 392 396 397 399 401 403 411 413 416 420 421 422 424 432 437 439 440 443 445 450 451 467 476 478 483 496 497 499 501 507 510
28 1 6 8 10 14 18 21 28 29 41 47 48 49 50 54 57 60 63 67 81 82 88 91 95 101 104 107 113 114 117 119 121 127 133 135 136 137 148 156 159 164 167 170 179 190 194 195 198 200 202 205 206 208 209 212 216 219 220 229 235 237 238 243 244 250 260 261 262 263 267 269 271 272 273 274 275 287 289 291 305 306 312 313 319 325 329 331 332 333 334 337 341 343 346 359 364 366 367 369 375 381 384 393 394 401 402 406 412 422 423 428 433 440 448 450 453 454 457 463 465 467 473 485 488 491 496 497 498
29 0 1 8 11 13 17 19 23 26 30 32 33 40 45 51 52 56 60 61 62 71 76 78 83 85 93 94 96 97 103 104 105 108 110 118 128 135 136 138 139 141 143 150 153 160 164 170 179 182 187 188 193 197 206 210 218 225 228 235 237 241 243 244 245 247 252 260 262 264 271 278 284 286 287 288 292 293 296 299 300 304 305 307 318 320 324 329 331 334 338 340 343 346 349 352 354 359 377 379 386 391 401 402 403 408 410 411 416 420 421 435 436 438 444 447 456 465 470 473 475 477 484 485 486 489 494 495 502
30 1 4 9 10 14 16 17 25 26 28 30 32 41 46 55 56 57 66 68 70 71 72 77 81 82 84 92 97 105 106 107 108 112 116 122 124 128 131 134 138 141 142 148 150 160 163 165 170 173 177 183 185 187 188 189 192 205 208 215 216 221 222 223 230 237 246 249 251 258 261 276 284 286 288 298 299 304 307 311 318 321 324 330 332 335 343 346 349 353 356 365 366 370 371 374 380 381 384 386 387 390 392 393 400 401 411 418 419 425 430 450 452 455 456 457 463 466 467 476 486 492 493 496 499 500 503 506 507
31 1 4 5 10 20 28 30 31 32 34 36 43 47 55 60 62 64 76 77 81 85 86 96 101 103 111 112 121 124 127 135 138 142 149 151 157 166 167 172 177 178 184 193 194 197 199 201 202 203 204 208 209 211 217 221 225 239 241 242 243 253 255 259 262 263 265 274 277 279 280 284 286 289 302 305 313 317 323 331 333 336 339 340 344 345 356 364 370 374 378 379 380 389 391 395 399 401 406 412 413 415 428 429 433 437 438 446 447 449 453 457 458 460 462 464 465 466 467 475 477 479 481 484 491 496 502 503 504
32 0 12 13 26 27 34 38 48 51 53 54 55 61 65 72 73 75 82 88 90 103 109 111 112 115 117 120 124 126 130 134 136 137 140 142 143 145 151 153 159 162 163 164 166 170 173 175 178 180 181 188 201 202 210 221 226 230 233 236 238 241 244 252 257 258 263 272 277 278 285 286 289 293 298 307 314 316 317 324 333 335 336 340 341 350 353 354 361 363 370 373 377 378 382 384 385 396 400 407 410 412 414 415 423 426 428 439 445 449 451 453 455 457 460 470 474 475 476 480 481 487 491 492 500 502 508 509 511
33 1 2 7 14 16 17 20 22 23 25 34 39 43 48 49 50 51 52 55 63 66 67 72 74 75 76 77 78 85 89 99 102 105 107 109 117 120 121 123 132 134 135 137 140 141 147 150 152 160 165 175 176 183 185 194 198 199 209 217 218 219 225 229 231 234 236 238 242 247 250 258 265 270 271 272 281 282 283 289 290 291 297 302 307 308 312 315 317 319 330 333 334 344 345 346 349 369 374 376 382 383 390 391 394 402 409 424 427 428 431 434 438 457 462 466 468 471 472 474 475 477 478 479 482 485 495 500 510
34 4 6 7 13 14 15 19 20 22 26 27 28 32 39 41 47 54 57 63 73 78 86 88 91 103 104 107 111 114 117 119 120 131 134 135 136 144 145 146 154 156 168 173 176 179 183 190 195 196 197 198 199 203 206 207 211 220 228 230 234 235 245 246 247 256 257 263 271 274 276 277 281 290 293 294 302 303 309 310 312 313 315 317 318 320 323 331 334 338 347 349 354 356 359 366 375 376 377 379 381 383 388 390 393 396 398 409 411 412 415 416 430 439 444 445 446 448 457 458 462 466 472 474 489 499 501 502 508
35 0 1 11 13 15 18 24 26 28 33 37 47 51 53 59 60 66 67 71 80 84 87 97 99 103 119 120 121 126 127 128 133 139 141 142 145 153 161 163 165 167 176 182 189 192 199 200 205 206 209 223 224 243 250 252 254 256 258 263 268 269 273 277 278 279 280 288 297 320 321 323 327 331 335 344 347 348 350 351 356 357 365 368 375 380 384 388 397 400 402 415 417 418 423 424 425 428 430 431 436 438 441 442 444 445 448 452 454 461 464 466 473 474 476 478 480 481 482 483 489 491 492 493 495 498 505 506 511
36 0 7 9 15 19 20 22 24 25 28 43 48 50 53 54 55 62 68 77 78 82 90 99 104 108 109 111 116 117 118 124 126 128 129 133 141 147 149 150 160 161 162 163 169 183 184 185 191 193 199 203 206 210 218 222 224 225 228 232 237 238 246 253 254 256 257 262 263 265 276 279 280 281 287 288 295 297 300 304 306 308 309 311 314 315 325 331 332 339 351 360 362 375 379 382 383 388 391 393 395 397 401 409 416 417 419 420 423 429 436 447 449 452 453 455 456 458 461 462 463 469 470 475 478 493 494 499 504
37 4 10 13 14 18 28 40 47 49 54 55 58 60 68 69 73 74 79 86 90 91 95 100 103 104 111 120 130 131 139 142 146 147 155 156 164 167 169 170 179 180 181 192 193 195 198 204 220 221 225 228 229 236 239 240 244 249 253 254 256 260 262 276 282 288 295 298 300 301 304 306 313 315 317 318 321 323 326 327 330 331 332 334 336 338 340 341 350 351 353 358 360 365 378 380 386 388 389 390 395 396 403 410 411 414 419 421 422 428 429 437 441 443 445 449 452 461 465 466 472 473 478 480 482 483 488 496 508
38 17 20 23 30 32 33 40 41 45 47 49 52 56 69 74 75 76 77 78 86 91 92 98 99 111 113 116 119 125 126 129 130 131 135 138 140 145 154 156 157 158 159 163 166 169 170 186 190 195 196 200 207 212 213 218 229 234 242 244 246 248 260 263 267 268 274 276 277 278 280 292 295 305 308 309 313 315 319 321 327 336 337 345 348 353 361 362 366 372 375 378 389 390 399 404 405 406 411 416 419 424 426 430 436 440 442 444 446 448 460 464 469 471 474 475 477 479 481 483 487 490 491 493 499 502 503 504 505
39 3 8 11 12 14 23 29 31 41 45 46 48 50 53 60 62 65 68 71 78 85 88 92 100 114 116 119 121 126 129 142 145 148 150 151 153 154 159 160 162 169 170 176 177 178 181 182 184 188 192 193 200 201 202 203 214 216 224 226 229 230 232 236 247 249 251 258 264 273 276 281 283 287 289 296 298 305 307 321 322 324 332 333 334 340 344 347 348 349 359 365 366 373 382 385 386 387 391 392 396 397 399 401 403 410 411 413 416 420 421 424 432 436 437 439 440 443 445 450 451 467 476 481 487 493 496 499 510
40 0 2 4 6 7 8 15 16 19 23 25 27 32 35 37 47 49 55 58 62 63 67 68 71 89 91 95 97 100 108 117 119 120 122 125 126 127 128 129 130 131 139 141 147 154 155 160 163 169 174 184 186 206 208 209 211 213 215 216 220 222 228 230 237 238 249 250 251 253 260 266 269 270 275 288 295 311 314 315 318 325 343 344 349 350 355 357 358 366 369 371 376 379 380 383 384 385 386 390 392 395 398 399 423 424 426 437 438 440 442 446 448 465 467 468 474 476 479 481 483 484 486 488 490 494 496 500 507
41 5 6 7 10 13 14 15 20 22 23 25 28 29 38 39 41 44 47 51 54 56 59 72 75 76 94 95 98 102 103 104 106 108 110 112 113 115 121 123 125 126 127 128 130 143 146 156 158 164 165 167 171 172 173 174 175 183 184 187 199 220 221 223 227 229 237 240 251 253 254 261 263 264 267 268 271 274 280 286 297 298 304 305 309 310 315 317 318 322 342 343 344 353 355 359 361 364 368 371 373 378 379 385 396 403 410 417 424 427 428 434 436 438 443 444 448 449 457 458 462 465 467 474 486 491 493 495 497
42 4 9 10 15 26 27 28 30 36 41 42 43 44 45 46 47 48 49 69 74 79 81 86 89 90 92 96 100 104 106 107 109 114 118 121 125 127 132 137 138 141 148 151 153 156 159 160 161 168 169 170 172 174 180 182 187 188 189 191 193 202 204 213 215 223 227 231 232 237 240 243 250 252 253 261 270 274 275 287 289 297 301 304 310 314 333 338 340 345 348 349 358 362 364 365 367 371 377 381 388 395 396 399 400 418 421 434 435 440 442 444 446 447 464 470 473 478 479 482 483 484 491 494 496 499 503 507 511
43 3 4 7 10 14 27 39 46 50 51 54 55 57 69 70 73 78 80 81 84 101 104 109 114 117 118 119 120 121 125 127 129 130 131 133 134 140 141 143 144 148 153 161 163 166 172 175 176 177 179 180 181 191 198 202 204 207 217 221 227 232 238 242 249 253 255 259 260 266 269 274 275 276 277 281 285 286 291 295 302 306 307 312 317 318 319 328 329 330 331 334 337 338 340 343 345 353 362 369 378 380 381 386 393 398 402 405 410 412 413 415 420 424 426 432 438 440 446 448 449 455 457 460 461 480 484 500 503
44 0 3 8 10 11 15 16 18 21 30 32 37 40 45 46 48 49 64 70 72 79 86 87 90 94 97 98 101 103 106 111 112 122 126 128 130 145 149 153 154 159 160 163 164 167 184 191 193 194 197 202 206 209 213 218 219 220 223 225 230 232 233 237 243 250 261 267 271 274 277 278 285 289 295 296 298 299 303 307 312 313 317 331 332 335 336 340 341 342 351 359 360 365 367 369 372 383 385 394 401 402 403 404 406 408 410 412 427 430 434 436 437 441 444 448 456 463 483 485 486 488 490 491 493 494 500 502 503
45 0 4 7 10 11 14 16 20 28 30 37 39 49 50 52 58 69 70 77 80 83 84 93 100 103 105 112 113 114 115 122 137 145 148 150 158 160 164 166 171 178 180 187 189 197 201 206 217 218 220 224 228 230 236 241 248 255 258 259 260 262 268 284 286 293 295 296 297 305 307 308 310 319 322 328 330 331 337 338 339 340 363 368 369 372 374 384 385 386 387 388 389 397 398 403 408 409 411 416 418 425 426 430 433 437 439 441 446 447 448 454 455 460 463 471 476 481 482 488 491 492 493 500 502 505 506 507 511
46 3 4 5 15 17 19 20 23 24 31 33 38 40 42 56 57 59 60 62 64 65 67 70 76 77 103 105 109 128 130 133 135 140 143 152 159 164 171 176 178 179 186 188 190 191 197 199 202 203 204 205 206 226 239 246 252 258 259 273 279 283 288 289 290 300 302 303 306 315 316 317 318 321 324 326 327 334 337 339 344 345 350 352 354 356 357 359 362 363 366 367 368 379 380 384 392 396 400 408 410 411 417 420 421 422 423 426 428 441 447 462 463 465 466 470 472 473 478 480 487 489 495 497 500 506 508 509 510
47 7 13 14 21 23 24 26 27 38 43 44 45 48 51 52 55 56 57 58 59 65 69 70 72 83 84 85 86 90 94 95 103 106 107 108 113 116 121 122 130 131 135 137 141 145 148 159 163 165 166 167 173 176 178 182 187 188 189 190 193 204 205 208 214 216 229 236 239 240 251 253 257 265 266 271 276 287 289 291 298 304 306 313 314 322 323 328 333 337 342 346 347 354 356 369 370 372 384 387 392 395 397 400 415 421 422 430 435 436 439 444 446 453 455 457 459 463 465 474 477 479 480 485 501 503 505 507 508
