0 3 8 9 17 18 24 27 39 46 47 56 62 67 70 78 79 85 96 107 110 113 115 124 125 130 133 135 149 152 156 158 164 170 173 176 178 179 180 185 186 189 193 197 203 206 209 210 219 222 234 235 238 241 243 245 255 257 269 271 276 281 282 284 285 286 289 290 292 293 294 295 301 311 312 320 321 325 329 335 340 341 347 349 353 358 359 361 362 368 377 381 386 389 392 399 401 403 413 414 420 421 423 428 431 433 434 440 441 442 451 458 459 464 469 472 473 474 481 483 484 486 489 492 494 499 505 507 509
1 5 8 13 18 20 22 26 29 39 43 44 45 47 54 62 64 70 71 81 87 88 90 93 96 97 103 106 109 115 118 121 126 135 138 140 146 147 148 151 152 155 178 179 191 195 199 200 208 209 216 219 221 223 224 227 230 235 258 261 262 264 266 267 269 271 272 278 280 281 282 287 288 289 294 296 303 310 313 314 318 328 330 333 334 340 341 344 347 348 349 355 358 362 371 373 376 379 392 395 400 405 407 410 413 414 415 425 427 428 431 435 438 444 461 467 469 471 479 483 484 487 488 489 493 501 505 507 511
2 4 7 9 11 16 18 20 27 29 32 33 34 36 37 38 51 54 59 62 67 68 69 74 81 92 94 98 100 115 116 117 120 122 128 129 130 133 138 142 151 154 156 159 162 166 169 172 173 175 181 182 185 190 192 194 196 197 199 206 216 217 219 228 232 233 241 252 257 268 270 282 284 285 286 291 295 303 304 305 314 332 334 335 337 339 343 344 346 348 350 351 352 360 361 363 379 383 389 397 403 408 409 413 415 419 422 424 425 432 438 444 446 448 451 454 457 462 463 467 470 480 484 489 496 498 500 509 511
3 1 3 6 10 12 28 30 43 47 61 62 63 72 73 74 75 78 88 90 92 95 100 107 109 110 111 113 115 117 119 120 123 132 133 134 141 147 154 157 159 164 173 178 181 183 184 186 188 191 192 193 196 206 207 214 221 222 228 229 230 231 237 244 245 247 248 252 253 271 274 275 277 278 284 285 286 288 296 305 311 314 317 319 326 329 330 331 332 334 339 341 348 352 360 361 362 363 364 372 373 375 383 386 392 393 394 428 429 441 442 444 448 452 456 458 462 463 464 467 469 471 477 486 488 489 491 495 504
4 1 3 6 8 10 12 14 18 28 29 37 39 41 67 76 79 81 83 84 89 91 95 100 101 104 106 107 113 114 117 119 121 127 133 135 136 147 148 151 156 164 167 170 177 178 182 194 195 197 200 205 208 209 215 216 219 221 236 237 238 243 244 250 260 261 262 263 267 269 271 272 273 274 284 287 289 291 292 293 296 305 306 312 313 317 323 326 334 337 341 346 353 359 362 364 366 369 375 377 381 383 388 394 395 399 401 402 408 422 423 428 433 436 440 446 448 450 457 465 467 472 473 485 488 491 495 497 506
5 0 1 8 11 13 14 17 23 30 31 32 33 35 40 45 49 51 52 53 56 60 62 63 76 80 83 84 85 93 94 96 97 99 103 104 105 107 109 110 112 119 126 127 128 130 134 138 139 141 146 150 152 153 160 161 179 188 197 199 202 206 218 221 222 223 225 235 237 243 244 245 252 254 260 264 271 273 286 288 292 293 296 300 305 307 311 320 331 334 338 343 346 354 372 373 374 377 379 388 391 400 402 403 410 411 420 421 426 428 430 435 438 441 447 456 459 465 467 468 470 477 480 484 486 489 494 503 507
6 1 2 3 4 8 15 16 17 25 26 30 42 46 51 55 56 57 65 66 68 70 71 72 73 82 83 87 92 97 98 106 107 108 111 112 120 124 125 126 131 134 138 148 150 160 170 172 177 182 183 184 185 188 189 191 201 205 209 210 214 216 220 222 223 229 243 246 247 251 256 271 276 282 284 286 288 302 307 311 317 324 325 326 330 332 335 344 346 348 351 353 365 366 370 371 374 377 379 380 381 385 386 390 399 407 416 417 419 425 435 450 452 482 483 486 487 491 493 495 496 499 503 504 505 506 507 508 511
7 0 5 10 20 31 32 34 36 60 62 63 64 72 76 82 86 100 103 111 115 119 121 124 126 132 134 135 138 140 142 151 152 155 157 163 166 175 176 177 184 199 201 202 203 204 208 209 211 217 219 221 223 231 236 239 242 243 245 252 253 255 256 257 259 261 265 274 275 277 279 280 284 285 286 287 291 300 309 313 326 327 331 337 339 340 344 345 356 364 370 372 377 378 380 391 395 399 401 406 410 412 413 421 422 428 429 434 437 446 447 450 457 460 461 464 465 466 470 474 484 491 493 496 502 503 504 505 507
8 0 10 12 15 26 27 34 44 48 53 54 55 61 63 64 65 72 73 77 82 90 91 97 103 109 111 112 113 115 116 124 126 130 134 135 136 137 140 142 146 151 163 164 166 170 175 178 180 181 183 200 201 202 210 215 219 221 222 224 230 233 236 242 244 251 252 257 259 277 278 286 290 293 295 296 298 302 307 314 316 324 333 341 343 346 347 348 350 354 363 370 371 377 378 379 382 383 384 385 395 400 408 414 415 420 423 426 430 433 437 442 445 447 453 457 460 464 470 475 476 483 487 491 492 493 500 506 508
9 1 2 6 7 16 17 20 22 23 25 31 34 37 39 43 49 50 51 52 55 63 64 66 67 72 74 75 76 77 78 81 85 89 91 94 95 97 99 102 105 107 117 121 123 132 134 135 136 137 141 144 147 150 152 160 165 175 176 177 183 185 190 192 194 198 205 207 209 217 218 219 222 225 226 229 231 232 234 235 236 238 243 247 258 263 265 267 270 271 272 277 281 282 283 289 290 291 297 302 307 312 314 315 317 319 322 324 330 333 334 344 345 349 358 366 369 374 375 379 382 383 390 393 394 405 411 418 427
10 0 2 4 6 7 14 15 19 20 22 26 27 28 31 32 35 41 47 51 54 57 63 64 68 72 73 78 81 90 100 102 103 104 107 111 114 117 119 131 135 136 140 144 146 147 150 154 156 164 168 173 176 181 185 195 196 197 198 199 206 207 211 214 220 228 234 245 247 257 263 266 271 274 277 290 293 294 302 303 309 310 312 313 315 317 320 323 331 334 338 349 354 363 375 376 377 381 383 388 390 393 396 398 399 400 404 409 414 415 417 418 425 428 430 439 444 445 446 448 455 457 458 462 468 472 474 489 494
11 0 1 5 13 15 18 26 28 33 35 37 41 43 47 53 59 66 67 71 73 80 84 87 89 93 97 103 106 108 113 119 120 121 128 133 134 135 141 142 145 153 163 167 175 176 179 182 186 187 189 200 203 205 206 209 223 233 243 252 254 256 257 258 263 268 277 279 280 285 288 297 299 305 320 321 323 327 331 335 339 344 348 350 351 354 357 358 360 365 366 384 388 397 400 402 407 412 418 423 424 425 426 430 431 436 438 441 445 448 452 453 454 464 466 474 476 480 481 482 483 485 492 493 495 496 497 505 511
12 0 7 9 15 16 19 20 22 24 25 28 43 44 48 49 50 52 54 55 62 65 68 76 77 78 90 94 99 103 104 109 111 116 117 118 126 128 129 133 141 145 147 149 150 152 153 154 155 160 162 163 169 183 184 185 186 191 199 203 208 218 222 224 228 230 232 237 238 243 246 252 253 254 262 263 268 276 277 279 281 284 288 295 304 306 308 309 311 314 315 316 319 323 325 331 332 339 351 360 362 369 370 375 379 383 388 391 392 393 395 397 398 399 401 403 404 408 409 413 416 417 419 420 429 436 440 446 449
13 7 10 13 18 20 22 28 29 31 41 54 55 58 68 69 74 79 86 91 94 95 100 103 104 110 111 112 117 119 120 122 130 139 142 146 147 155 156 167 169 170 179 181 190 192 195 204 212 220 221 224 225 227 229 236 239 240 253 254 260 262 276 281 282 288 298 300 301 304 306 313 316 317 318 321 326 327 330 332 334 336 338 341 343 350 351 358 360 362 365 373 378 380 384 386 388 389 390 396 399 403 410 411 414 421 422 428 429 432 437 439 441 443 445 446 449 452 453 454 461 466 473 478 480 482 483 496 508
14 0 15 17 20 23 32 33 36 40 41 45 49 52 55 66 69 72 78 80 86 88 91 92 98 99 116 119 123 126 129 131 135 138 140 147 154 157 158 159 162 166 167 182 186 187 190 192 195 196 200 202 212 213 218 228 229 236 238 241 244 248 260 263 264 267 274 277 278 279 289 292 293 295 305 308 309 313 319 321 328 345 347 348 353 361 362 372 373 378 383 385 387 389 390 393 399 400 405 406 411 419 424 426 436 440 444 446 448 460 463 467 469 471 475 477 478 479 481 483 485 487 491 493 499 502 503 504 505
15 1 3 4 12 14 25 31 34 40 41 46 61 62 65 68 78 85 88 92 116 117 119 126 129 133 142 148 150 151 153 154 162 170 176 178 181 188 191 192 193 200 201 202 203 212 214 224 226 229 234 238 239 240 247 249 251 267 268 277 281 283 287 289 296 297 299 300 301 307 317 321 322 324 332 334 337 340 349 357 359 360 365 366 367 370 372 373 374 381 382 385 387 390 391 392 393 396 397 398 399 401 403 404 411 413 416 420 421 424 432 437 439 440 443 445 449 450 451 467 478 486 487 488 493 494 496 499 507
16 1 2 6 7 8 14 18 21 23 28 29 37 41 49 54 57 60 67 68 79 84 88 91 93 94 95 107 113 114 117 119 121 127 133 136 137 138 148 156 162 164 173 177 179 185 190 194 195 198 200 202 205 208 209 212 216 219 224 227 229 235 236 237 238 243 244 250 260 262 263 267 271 272 273 274 275 287 289 301 305 306 312 317 319 327 329 330 331 332 333 334 337 341 342 343 346 359 364 366 369 373 375 381 384 394 395 401 402 406 412 420 423 426 428 433 436 440 450 457 465 467 473 488 491 496 497 498 506
17 0 1 8 9 14 17 19 30 32 33 35 40 45 49 56 60 64 69 71 78 80 83 85 93 94 96 97 99 103 104 105 107 110 116 118 119 127 128 130 134 135 136 139 141 146 150 152 153 157 160 161 164 170 179 188 196 197 206 218 222 223 225 235 237 243 245 252 260 262 264 271 278 284 286 287 288 292 293 296 299 300 301 305 307 318 320 325 329 331 334 340 359 372 376 379 388 391 401 402 403 408 410 411 414 416 420 421 428 435 438 439 441 444 447 456 465 468 470 473 474 475 477 484 485 486 489 492 495
18 1 2 8 9 10 16 17 30 41 42 44 46 48 51 52 55 57 65 66 68 71 73 78 82 83 87 92 96 97 105 106 107 108 112 120 124 126 128 131 134 138 148 150 160 163 165 170 183 184 188 189 190 195 201 205 209 216 221 223 230 246 249 251 256 258 262 276 277 282 284 285 286 307 311 321 324 328 332 339 346 348 351 353 365 366 367 370 371 374 377 381 384 386 387 390 395 399 401 411 416 417 419 424 425 433 435 450 452 456 457 463 466 467 471 476 478 486 492 495 496 499 503 504 505 506 507 508 511
19 5 20 28 30 31 32 34 45 52 60 64 76 77 79 81 82 86 96 101 111 118 121 123 134 135 138 140 142 151 157 166 167 175 177 178 184 185 199 201 203 204 208 209 211 212 217 221 223 225 228 231 239 242 243 254 255 259 261 263 265 266 274 277 278 279 280 284 285 287 289 295 296 297 305 313 317 323 331 333 337 339 340 343 344 356 364 370 372 374 379 380 389 391 393 400 401 407 410 412 421 422 426 428 429 433 434 437 438 441 446 453 457 458 460 461 462 464 465 475 477 484 491 496 502 503 504 505 507
20 0 12 13 27 34 44 48 53 54 55 61 65 72 73 82 88 90 95 96 97 103 105 109 111 112 115 117 120 121 124 126 130 134 136 137 140 142 143 145 146 151 162 163 164 166 173 175 178 180 181 188 201 202 210 221 224 225 226 230 233 236 241 244 252 257 259 260 263 272 277 278 284 285 286 299 307 308 314 316 317 324 333 339 340 345 348 350 353 354 370 371 373 378 379 382 383 384 385 395 407 408 414 415 420 423 426 428 430 437 442 445 447 451 453 455 457 460 463 470 474 475 476 487 491 500 506 508 511
21 2 6 7 16 17 20 22 23 25 31 34 43 48 50 51 52 55 58 62 63 66 67 72 74 76 78 85 89 96 97 99 102 105 107 109 114 115 117 120 121 123 132 134 135 137 141 147 150 152 160 165 175 183 185 190 192 194 198 199 207 209 217 218 219 225 226 229 231 234 235 236 238 242 243 247 250 258 263 265 270 271 272 277 281 282 283 289 291 297 307 312 314 315 317 319 324 330 333 334 344 349 366 369 374 376 383 390 393 394 402 409 418 424 427 428 431 434 438 439 441 444 446 454 457 462 466 468 471
22 4 6 7 14 15 19 20 22 26 27 28 31 32 35 39 41 47 51 54 57 59 63 64 67 72 73 78 79 86 90 102 104 107 114 117 119 120 131 134 136 144 145 146 150 154 156 168 173 181 183 185 190 195 196 197 198 199 203 207 211 220 228 234 235 245 247 250 256 257 258 263 266 271 274 277 281 290 293 294 296 302 303 309 310 312 315 317 320 323 324 331 334 338 354 355 373 375 376 379 381 383 388 393 394 396 398 400 409 411 414 415 417 430 432 436 445 446 448 457 458 462 463 466 472 474 488 489 494
23 0 1 13 15 18 26 28 33 37 47 51 52 53 59 60 66 67 71 72 79 80 85 87 89 99 103 106 107 113 119 120 121 126 127 128 133 137 141 142 143 145 147 150 153 163 167 176 182 186 187 189 192 196 201 205 206 209 229 233 235 243 254 256 258 263 268 273 277 278 279 280 284 288 297 299 305 316 320 323 327 335 340 348 350 357 362 365 366 375 380 388 397 400 402 412 418 423 424 426 427 428 430 431 436 438 441 444 445 448 452 454 464 466 467 473 474 476 480 481 482 483 489 492 493 494 495 505 511
24 0 3 7 9 15 16 19 20 24 25 44 48 49 50 53 54 55 57 62 65 68 77 78 90 94 99 103 104 105 109 111 116 117 118 124 126 128 129 133 141 147 150 153 154 160 162 163 169 183 184 185 199 203 218 222 224 228 229 232 237 238 246 252 253 254 261 262 263 268 276 279 280 287 288 295 297 304 306 308 311 314 315 316 319 330 331 332 339 351 360 361 369 375 382 383 388 391 393 395 397 399 409 413 416 417 420 429 436 439 440 446 449 452 455 456 458 460 462 463 469 470 475 478 481 493 494 502 510
25 4 7 10 13 18 20 31 40 49 54 55 58 68 69 70 74 79 86 90 91 94 100 103 104 111 119 120 122 130 139 141 142 145 146 147 154 155 156 167 170 178 179 181 190 192 193 195 198 204 212 220 221 229 236 239 240 244 249 253 260 262 277 281 282 288 295 298 299 301 304 306 313 315 316 317 318 321 326 327 330 332 338 341 343 344 350 351 358 360 365 373 378 380 383 384 386 389 390 396 410 411 414 419 421 422 423 429 432 437 441 443 445 449 451 454 458 461 465 466 471 472 473 478 480 483 488 496 508
26 2 7 17 20 23 32 33 41 45 49 52 66 69 75 76 78 80 83 86 92 98 103 112 113 119 126 129 130 131 135 140 141 157 158 159 162 166 167 178 182 186 187 190 192 196 197 200 208 212 218 228 234 236 238 241 244 251 263 267 274 276 279 280 289 292 294 295 305 308 309 313 315 319 321 326 327 329 330 331 337 345 347 348 353 361 362 372 374 378 383 389 390 391 393 397 399 400 404 406 407 411 419 423 424 426 430 436 440 444 448 456 464 469 471 475 477 479 481 483 485 487 490 491 493 499 503 504 505
27 1 3 8 12 14 25 31 33 34 37 40 61 62 68 78 85 88 89 92 94 100 116 117 119 126 129 133 142 145 147 148 150 151 153 154 170 176 181 184 188 191 192 193 200 201 202 203 213 214 224 229 230 236 238 239 247 249 258 267 268 277 278 281 287 289 290 297 299 305 307 309 321 322 324 327 333 334 337 340 344 348 349 357 359 366 370 372 373 374 378 379 382 385 386 387 390 391 392 396 397 398 399 401 403 404 411 413 416 420 421 427 432 437 439 440 443 445 449 450 467 476 477 481 483 487 491 496 499
28 1 6 7 8 14 18 23 28 41 47 48 49 54 57 63 67 72 76 79 81 82 89 91 93 94 95 100 101 107 114 117 119 121 127 133 135 136 139 148 159 162 164 170 177 179 190 194 195 196 200 205 208 209 211 212 216 219 220 224 229 235 237 238 243 244 250 260 262 263 267 269 271 272 286 287 296 301 305 306 312 317 319 321 325 330 333 334 337 341 342 343 346 352 359 364 366 369 375 381 394 395 401 402 406 412 418 420 423 426 428 430 432 433 440 448 450 453 457 463 465 467 488 490 491 496 497 498 508
29 0 1 8 9 13 14 17 19 20 30 32 33 35 40 41 45 51 52 56 60 64 71 78 80 83 84 85 93 94 96 97 99 103 104 105 107 108 118 119 120 128 134 135 138 141 150 152 153 155 160 164 170 179 187 193 197 206 218 222 223 225 235 237 243 244 245 248 252 260 262 264 283 284 286 287 288 292 293 296 299 301 305 320 322 325 329 331 334 340 343 349 354 372 374 376 377 379 386 391 401 402 403 408 410 411 420 421 434 435 438 441 444 447 456 459 465 470 473 474 475 477 485 486 489 492 494 495 502
30 1 2 4 9 10 16 17 25 41 46 48 51 52 55 57 61 66 68 71 72 77 81 82 84 87 92 97 105 106 107 108 112 119 120 122 124 126 128 134 138 142 148 150 160 161 163 165 170 177 180 184 188 189 190 193 195 201 205 208 209 210 214 216 221 223 237 246 249 251 256 284 286 302 304 307 311 321 324 325 332 333 346 349 353 365 366 367 370 371 374 377 380 381 384 386 387 390 392 395 399 400 401 417 418 419 424 425 432 433 435 450 452 456 463 467 471 476 482 491 492 495 496 499 503 506 507 508 511
31 0 3 20 28 30 31 32 33 45 47 56 60 62 64 77 79 81 82 98 103 112 123 124 126 127 134 135 138 142 149 151 156 157 159 166 167 174 175 178 181 194 201 203 204 208 209 211 217 221 223 226 239 242 243 245 253 254 255 259 261 262 263 265 266 267 273 275 277 278 279 284 289 295 297 305 313 317 331 333 337 339 345 356 364 370 372 374 379 380 389 391 393 395 396 398 399 401 407 412 422 426 428 429 433 434 437 438 446 449 453 457 458 460 461 462 464 465 475 477 479 484 487 493 502 503 504 505 507
32 0 10 12 26 34 38 42 44 48 53 55 61 64 65 72 73 75 84 90 91 95 98 103 109 111 115 117 121 124 126 130 134 136 137 140 142 143 145 146 151 153 163 166 170 173 175 178 180 181 200 201 202 210 215 221 225 226 230 233 236 242 244 252 257 259 263 272 277 278 285 286 289 290 293 296 302 307 308 312 314 317 324 326 331 333 335 340 346 348 350 354 363 370 373 377 378 382 383 384 396 407 408 409 410 411 412 414 415 423 428 430 443 445 453 457 460 463 466 470 473 474 475 476 483 487 505 508 511
33 1 2 7 14 16 17 20 22 23 25 34 39 43 49 50 51 52 55 63 66 67 72 74 75 76 78 85 89 99 102 105 107 109 117 121 123 132 134 135 136 137 140 141 147 150 152 160 165 166 175 176 180 183 185 194 198 199 209 217 218 219 225 229 231 234 236 238 242 247 250 258 265 270 271 272 281 282 283 289 290 291 297 302 307 308 312 315 317 319 330 333 334 344 345 346 347 349 369 374 376 382 383 390 391 394 402 409 424 427 428 431 434 438 457 462 466 468 471 472 474 475 476 477 478 479 482 485 500
34 4 6 7 13 14 15 19 20 22 26 27 28 32 39 41 47 54 57 59 63 64 65 78 86 88 91 103 104 107 116 117 119 120 131 134 135 136 144 145 146 154 156 173 176 179 182 183 190 195 197 198 203 206 207 211 220 228 230 234 235 245 246 247 257 263 271 274 277 281 290 292 293 294 301 302 303 309 310 312 313 315 317 318 320 323 331 334 336 338 347 349 354 356 366 375 376 377 379 381 383 388 390 393 395 398 409 411 412 415 416 430 439 444 445 446 447 448 457 458 462 472 474 489 499 501 502 508 511
35 0 5 11 13 15 18 24 26 28 33 34 37 47 53 59 60 66 67 71 72 80 87 88 94 97 99 103 106 107 119 120 121 126 127 128 133 134 135 137 139 141 142 143 145 153 160 165 167 168 182 186 187 192 199 206 209 223 224 229 238 254 255 256 258 263 268 277 278 279 280 288 291 297 305 320 321 323 327 331 335 344 345 350 351 354 357 365 366 368 375 388 397 400 402 407 415 417 424 425 426 427 428 430 436 438 441 444 445 452 454 464 466 473 474 476 478 479 480 481 482 483 487 489 493 498 505 506 511
36 0 7 9 15 19 20 22 24 25 28 43 48 50 53 54 55 62 68 77 78 82 90 99 103 104 108 109 111 116 117 118 124 126 128 129 133 141 147 149 150 160 161 162 163 169 183 184 185 191 199 203 206 210 218 222 223 224 225 228 232 237 238 246 253 254 256 262 263 265 276 279 280 281 287 288 295 297 300 304 306 308 311 314 315 325 330 331 332 339 351 358 360 375 379 382 383 388 391 393 395 397 401 409 417 419 420 423 429 436 447 449 452 453 455 456 458 461 462 463 469 470 475 478 493 494 499 502 504
37 4 10 13 14 18 20 40 49 54 55 58 60 68 69 73 74 79 86 90 91 95 100 103 104 110 111 112 113 120 130 139 142 143 146 147 149 155 156 164 167 170 171 179 181 190 192 193 198 199 204 208 210 213 220 221 228 229 236 239 240 244 249 253 254 256 260 262 276 281 282 295 300 301 304 306 313 315 317 318 321 326 327 331 332 334 338 340 341 344 350 351 353 358 360 362 365 374 378 380 386 388 389 396 399 403 410 411 414 419 421 422 428 437 441 443 445 449 452 461 466 473 478 480 482 483 488 496 508
38 0 2 7 17 20 23 32 33 36 40 41 45 49 52 56 67 69 76 77 78 86 91 92 116 119 126 129 130 131 134 135 138 141 152 156 157 158 159 162 163 166 169 170 186 187 190 195 202 207 212 213 218 226 228 229 234 236 238 242 244 246 248 260 263 267 268 274 276 277 278 280 287 291 292 295 305 319 321 331 336 337 348 353 361 362 366 372 389 390 399 404 405 406 407 411 416 419 423 424 426 430 432 436 440 444 446 448 460 464 469 471 472 474 475 477 479 481 483 486 487 490 491 493 499 502 503 504 505
39 1 3 4 8 11 12 14 29 31 40 44 45 46 48 50 62 68 78 85 88 92 98 100 114 116 117 119 123 142 147 148 150 151 153 154 160 162 176 177 178 181 182 188 191 192 193 200 201 202 203 212 214 216 224 226 229 230 232 236 238 239 247 249 251 257 268 273 277 281 283 287 296 297 299 302 305 307 321 322 324 332 334 337 340 344 347 348 349 357 359 366 367 368 374 380 382 385 386 387 390 391 392 393 396 397 398 401 403 404 411 413 416 420 432 436 440 443 445 450 451 467 481 487 488 493 494 496 499
40 2 3 4 8 16 19 23 25 27 32 35 37 47 49 55 58 63 67 68 71 89 91 95 97 100 108 117 120 122 123 127 129 130 132 139 141 147 154 155 160 163 169 174 186 192 206 208 209 211 213 215 216 219 221 222 228 229 230 237 238 242 249 250 251 253 255 266 269 270 275 280 284 288 295 314 315 318 325 326 343 344 345 349 350 355 357 358 366 369 371 376 379 380 383 384 385 386 389 390 398 399 415 420 423 424 426 435 440 442 446 447 448 455 465 468 471 474 477 479 481 483 484 488 490 494 496 500 507
41 5 6 7 10 13 14 15 19 20 22 23 25 28 38 39 41 44 47 51 54 59 72 75 82 85 86 87 95 98 103 104 106 110 113 115 123 125 126 128 130 143 146 147 148 156 164 165 167 171 172 173 174 175 183 187 199 220 221 223 227 229 236 240 251 252 253 254 263 264 267 268 271 273 274 275 280 286 298 304 305 309 310 315 317 318 322 342 344 345 353 359 361 364 368 371 372 373 374 376 379 385 391 403 408 410 417 419 423 424 428 434 436 438 443 448 449 450 457 462 465 467 474 481 486 487 491 493 510
42 4 6 9 10 15 18 23 26 27 28 30 41 42 43 45 46 47 48 49 54 69 74 81 85 86 89 90 92 96 100 104 106 107 109 114 118 121 125 127 132 137 138 148 153 156 159 160 161 168 169 174 178 180 181 182 187 188 189 193 202 204 213 223 225 227 231 232 238 240 243 250 252 253 261 265 266 270 274 275 287 289 301 309 310 314 333 338 339 340 345 348 349 358 362 364 365 367 377 381 387 388 395 396 399 400 406 418 434 435 436 440 442 444 446 447 464 470 473 478 479 482 483 491 494 496 499 503 507
43 4 6 7 10 14 27 39 46 50 51 54 57 69 70 73 78 80 101 104 109 114 117 118 119 120 121 125 127 129 130 133 134 140 141 143 148 153 161 163 166 172 175 176 177 179 180 181 191 198 200 202 204 217 221 227 232 238 242 245 253 255 259 260 264 266 269 274 275 276 277 281 285 286 291 295 302 306 307 312 317 318 319 328 329 330 331 334 337 338 340 343 345 353 361 362 369 380 381 386 393 394 398 402 409 410 412 413 418 420 424 426 432 438 440 446 448 449 455 456 457 460 461 467 472 480 484 500 503
44 0 3 8 10 11 15 16 18 21 30 32 37 40 45 46 48 64 70 72 79 86 90 91 94 97 98 99 101 103 106 111 112 115 122 127 128 130 145 149 153 154 159 163 164 184 191 194 197 202 206 209 218 219 230 232 233 235 237 243 250 261 267 271 273 274 276 277 285 289 295 296 298 299 303 307 311 312 313 317 332 335 336 340 341 342 351 359 360 367 369 372 380 383 384 385 394 401 402 403 404 406 408 410 412 416 422 427 430 436 437 441 442 444 448 456 458 461 463 469 472 485 488 491 493 494 500 503 510
45 0 4 7 10 11 16 20 28 30 32 37 42 49 50 52 58 69 70 77 80 83 84 93 96 100 103 112 113 114 115 122 137 145 148 158 160 164 166 171 178 180 187 189 201 217 218 220 224 226 228 230 234 236 241 248 255 259 260 262 263 266 268 271 284 285 286 293 296 297 305 307 308 310 319 322 328 330 331 337 338 340 368 369 371 372 374 385 386 387 388 389 397 400 403 408 409 411 416 418 425 426 430 433 437 439 440 441 446 448 454 455 458 460 463 464 471 481 482 488 491 492 493 500 502 505 506 507 511
46 3 5 15 16 17 19 24 29 31 33 38 40 42 50 56 57 59 60 62 64 65 67 70 76 77 82 105 109 119 128 130 133 135 143 159 164 172 176 178 179 187 188 190 191 197 199 202 203 205 206 226 237 239 246 252 258 259 273 279 283 288 289 290 300 302 303 306 315 316 317 318 324 326 327 330 332 334 337 339 344 345 350 352 354 357 359 362 363 366 367 368 379 384 385 392 395 396 400 408 410 411 417 420 421 422 423 426 428 430 441 447 462 463 465 466 470 472 473 478 482 487 489 495 497 498 500 509 510
47 6 7 13 14 20 21 23 24 26 38 43 48 51 52 55 56 57 59 65 69 77 83 84 85 86 90 94 103 106 108 113 116 121 122 130 131 137 141 145 148 159 161 163 165 166 167 168 173 174 182 185 187 189 193 204 208 210 214 216 219 229 237 239 251 265 266 271 276 287 291 292 298 304 306 308 313 314 317 322 323 333 337 342 347 354 356 365 368 370 371 372 375 382 384 387 390 391 395 397 400 401 415 421 422 430 434 435 436 439 443 444 446 453 455 458 463 464 465 474 475 479 480 485 492 503 505 507 508
